25
13
22
3
20
5
0
28
2
9
6
4
31
17
1
27
23
7
24
16
11
21
29
8
15
14
30
18
26
19
12
10
10
16
3
31
17
30
11
8
13
22
21
15
6
24
28
18
1
7
19
29
12
0
26
9
23
2
14
25
4
5
27
20
1
3
8
21
29
13
30
10
4
12
24
17
25
19
26
5
7
9
0
31
28
16
14
23
22
2
15
27
20
18
11
6
4
9
13
23
29
7
14
10
27
5
24
12
0
21
31
28
25
8
16
19
1
2
30
26
22
18
20
3
15
17
11
6
3
26
25
4
5
11
9
2
12
22
23
20
6
13
30
0
19
28
7
31
1
15
16
29
17
21
14
8
18
24
10
27
21
10
7
22
16
30
12
11
6
5
2
25
1
15
17
29
9
24
4
19
8
23
27
28
20
14
18
26
31
0
3
13
14
8
2
16
19
7
26
1
28
6
0
3
10
22
29
11
15
4
17
23
9
21
5
27
18
13
20
24
25
30
12
31
21
14
30
8
10
4
26
12
15
31
22
2
11
5
1
27
0
16
9
20
13
3
23
18
17
28
29
25
19
24
7
6
22
2
30
26
4
3
10
6
25
23
29
12
19
24
27
7
28
0
21
16
14
8
13
11
18
1
31
20
9
17
5
15
18
20
9
27
11
21
12
13
2
26
17
16
3
30
10
24
15
1
25
28
7
5
0
22
19
6
14
29
4
23
8
31
3
23
4
24
27
0
20
15
2
22
8
30
19
6
18
11
26
1
17
14
7
21
9
12
5
16
13
29
25
31
28
10
23
20
15
4
10
8
11
17
5
14
13
22
6
3
19
31
2
7
30
26
18
24
16
25
0
27
1
28
12
29
21
9
14
26
29
9
21
31
5
8
12
23
15
22
3
0
24
11
25
17
18
2
7
20
10
1
6
19
28
4
27
13
30
16
1
27
20
21
18
2
24
19
25
0
6
28
31
26
22
12
17
3
8
11
13
29
15
9
10
7
16
14
4
30
23
5
30
23
5
4
6
24
19
16
15
26
29
21
8
13
3
0
12
18
11
27
28
9
17
31
25
14
22
20
1
7
2
10
4
14
0
22
5
12
18
2
27
31
11
23
6
13
3
26
8
19
25
24
9
28
29
15
21
30
7
16
10
20
17
1
20
12
10
23
19
6
22
14
4
16
24
1
28
11
15
17
2
27
29
13
8
7
3
18
26
5
30
25
21
9
31
0
10
18
25
31
16
19
29
1
27
6
0
28
20
30
2
17
24
4
7
15
11
5
9
13
8
23
21
12
3
22
14
26
14
13
22
21
17
28
27
24
31
0
8
3
9
30
1
20
6
7
10
25
4
11
5
29
19
26
12
16
23
18
2
15
2
12
31
28
6
19
30
18
15
24
11
26
8
22
17
23
20
0
25
9
29
14
4
21
1
5
3
16
27
10
13
7
2
1
9
17
24
10
6
11
26
18
0
22
28
25
8
21
23
13
30
5
20
3
15
12
27
29
16
14
31
7
19
4
9
7
29
8
26
27
10
18
17
14
25
1
3
22
6
11
20
15
13
21
30
0
19
16
24
23
28
5
4
12
2
31
1
24
7
26
27
0
21
2
15
23
6
22
18
29
25
16
5
12
11
9
3
4
31
17
14
13
19
10
28
30
8
20
22
18
11
10
13
5
26
27
30
20
19
21
2
17
4
3
0
14
6
28
25
9
16
31
23
8
12
15
7
1
29
24
2
14
13
16
19
6
29
9
17
21
25
23
1
5
31
0
12
18
22
4
27
10
28
20
11
15
7
8
24
26
30
3
29
24
14
3
30
28
12
6
10
21
7
11
20
1
18
15
17
27
9
5
22
2
16
26
25
4
23
31
0
19
13
8
24
3
17
4
15
11
25
31
23
10
16
20
28
30
27
29
2
7
26
9
6
18
14
1
5
19
21
8
13
22
0
12
31
3
13
5
21
26
4
17
6
18
0
1
12
15
27
29
19
28
16
20
2
24
14
30
8
25
22
10
11
7
9
23
10
14
31
13
24
9
30
11
26
28
20
0
12
21
4
3
29
7
19
27
22
5
1
23
15
17
2
8
16
25
18
6
2
19
20
8
3
26
18
16
9
22
1
27
13
21
31
5
29
10
4
17
28
14
0
6
23
30
12
11
25
7
24
15
1
0
31
8
29
6
24
25
28
9
18
15
7
11
19
17
12
27
20
22
14
5
30
13
3
16
26
2
21
4
10
23
25
0
23
27
18
11
3
9
21
20
13
12
5
29
30
8
16
2
15
24
19
4
17
31
14
7
1
28
6
26
10
22
14
4
7
0
5
27
26
6
10
2
13
28
11
25
8
3
19
1
12
16
21
17
20
31
30
9
18
23
22
24
15
29
12
29
21
11
22
2
6
28
20
13
3
19
30
14
16
1
31
0
5
9
27
10
17
8
15
24
4
7
25
18
23
26
17
8
18
9
20
19
29
1
2
16
23
7
14
30
27
22
15
21
0
10
31
26
25
13
28
4
6
24
11
3
5
12
12
26
14
1
15
11
20
17
4
2
3
23
29
16
18
19
5
0
7
21
24
9
10
22
27
30
28
31
25
8
6
13
28
9
21
19
1
24
26
15
8
29
10
0
11
6
18
23
16
5
2
12
20
13
4
22
31
17
25
27
3
7
14
30
1
4
29
10
25
9
31
7
15
21
2
23
5
28
24
17
3
27
8
13
20
12
30
0
16
11
14
26
6
22
19
18
