29
9
2
21
17
15
4
16
28
8
3
6
19
20
7
0
10
30
5
14
13
12
26
25
24
27
23
31
22
1
11
18
11
10
20
25
17
9
29
31
3
15
19
0
27
22
24
12
21
14
16
23
8
6
7
4
30
28
2
13
1
18
26
5
10
19
3
0
6
28
20
9
25
5
4
21
14
1
27
18
26
2
24
23
11
16
22
13
15
12
30
17
29
31
8
7
2
7
9
28
25
23
0
21
20
17
19
1
5
13
15
11
26
31
29
30
3
16
6
14
27
22
4
8
18
10
12
24
5
13
19
23
15
25
17
1
8
10
7
18
28
0
21
16
9
11
20
4
14
22
30
26
31
6
2
27
29
24
12
3
1
7
29
17
8
16
19
27
14
31
26
12
6
20
15
30
22
9
28
0
18
24
4
25
13
11
10
5
2
23
3
21
30
13
4
0
18
19
16
5
3
7
9
17
23
22
26
2
8
15
1
25
24
21
11
10
28
12
31
27
14
20
29
6
23
3
18
14
22
10
7
30
12
24
15
8
29
27
0
4
19
28
2
17
20
25
16
26
13
1
11
9
21
31
6
5
5
8
0
14
7
27
13
17
24
31
26
19
6
3
16
2
22
23
29
25
4
11
30
9
10
12
18
1
20
21
15
28
21
2
30
1
18
4
28
5
11
24
14
29
8
17
15
26
3
12
13
25
22
23
7
31
9
6
16
0
27
10
19
20
31
6
16
23
12
8
1
24
17
27
29
18
20
5
0
22
25
11
3
19
14
4
28
2
15
10
9
7
13
30
26
21
11
28
12
10
5
30
26
24
4
14
1
21
7
20
29
6
22
17
31
15
3
19
0
13
16
25
23
9
2
27
18
8
28
30
31
8
23
9
20
3
12
11
10
17
15
27
18
4
2
13
22
7
1
24
19
0
14
6
5
29
26
25
16
21
21
19
11
22
14
23
0
12
26
13
9
31
15
30
6
5
24
8
2
10
4
1
29
7
16
17
25
3
20
27
28
18
16
28
13
2
1
18
26
11
17
3
4
25
9
21
7
29
10
30
8
6
24
12
22
15
27
0
31
14
19
20
5
23
22
6
14
25
31
5
15
19
20
3
18
11
30
29
0
8
17
27
24
12
7
28
13
23
1
10
9
21
2
4
26
16
27
6
10
2
14
7
3
18
0
19
8
26
28
1
29
30
24
22
13
4
9
25
16
12
20
31
15
21
5
17
11
23
12
10
7
13
23
26
6
8
19
16
3
28
27
0
4
30
1
21
31
15
24
17
29
18
5
22
25
14
20
9
2
11
30
15
17
19
12
27
21
20
24
7
11
13
29
1
18
16
9
28
6
31
0
4
23
10
14
25
2
8
26
22
5
3
16
29
3
31
18
15
30
4
25
12
23
6
26
2
9
7
0
28
20
13
11
14
1
8
22
19
24
17
5
27
10
21
11
19
31
18
24
9
30
25
13
23
16
1
17
20
29
10
3
0
7
4
5
22
2
12
15
21
14
26
28
6
8
27
25
27
19
1
5
21
16
2
28
29
31
15
20
6
18
12
22
4
23
30
14
10
7
11
13
9
24
0
17
3
8
26
28
22
24
7
13
23
18
12
20
5
1
26
25
31
29
10
4
19
8
14
21
3
6
0
11
17
16
27
2
15
9
30
8
18
19
20
6
29
17
11
28
27
23
13
4
15
16
0
25
12
1
31
10
3
9
14
24
21
22
30
7
2
5
26
16
27
9
7
24
4
31
17
28
18
6
11
10
8
5
29
2
3
20
30
22
19
21
13
26
14
1
15
25
23
0
12
7
1
17
12
10
15
6
8
20
11
19
21
25
31
2
22
28
14
0
13
27
9
16
3
23
26
4
24
5
18
30
29
29
18
21
15
31
8
2
23
10
26
19
12
25
16
30
27
11
4
0
13
20
9
1
17
7
28
5
3
6
24
22
14
17
23
10
26
0
28
25
30
31
27
8
6
11
22
21
19
1
29
9
18
16
12
7
20
13
2
4
15
3
14
5
24
23
27
9
17
14
6
24
3
15
13
2
26
5
18
20
12
1
10
22
25
7
19
28
0
30
21
16
11
8
4
29
31
31
22
23
30
12
27
17
9
13
20
1
0
8
19
15
21
6
11
25
18
3
4
2
29
16
14
7
10
28
5
26
24
31
8
19
11
7
1
6
28
5
22
9
27
4
2
0
10
21
15
30
24
16
12
18
13
25
14
26
23
29
17
20
3
18
25
17
2
14
27
5
19
16
29
30
23
1
15
20
12
6
26
21
4
9
7
8
13
3
28
22
0
24
31
11
10
21
8
23
9
0
29
13
19
16
18
22
12
26
25
14
28
24
2
20
5
7
17
31
6
1
15
10
3
4
27
30
11
6
15
24
28
7
16
26
13
17
27
18
22
29
21
11
23
0
8
9
1
2
30
25
20
3
12
14
19
31
10
4
5
19
21
24
6
12
10
5
13
30
20
2
4
31
29
18
9
26
25
11
3
1
14
23
16
7
27
22
17
15
8
0
28
10
22
6
31
21
23
29
18
1
13
9
27
26
2
5
17
20
8
7
14
25
4
28
24
12
0
30
3
19
16
15
11
0
7
13
22
24
16
18
8
6
29
5
19
1
15
2
21
4
9
27
14
28
10
12
3
26
20
31
17
23
30
11
25
10
31
7
0
30
13
24
8
23
6
9
29
17
4
21
5
27
18
1
11
22
26
2
28
12
15
16
3
20
14
19
25
