14
11
23
7
10
12
20
21
2
26
30
19
6
28
3
17
24
5
27
0
9
4
25
31
15
29
16
22
13
8
1
18
18
24
3
5
16
2
17
19
6
27
15
23
28
12
1
9
31
0
21
20
25
10
14
4
11
26
13
30
7
29
8
22
17
3
20
15
7
8
27
28
13
5
9
25
29
0
16
2
24
31
18
22
11
10
6
21
26
1
14
19
12
30
23
4
30
9
27
6
23
10
13
5
18
8
11
25
3
1
29
15
28
16
2
4
20
19
7
22
14
24
21
12
17
0
26
31
13
31
4
22
1
5
29
8
14
18
16
28
0
15
20
12
10
6
23
9
24
2
11
19
25
3
26
30
21
7
27
17
3
17
8
5
9
7
27
14
28
10
19
11
18
30
0
15
12
4
25
20
23
6
16
13
31
2
22
29
1
24
21
26
25
29
5
3
19
26
9
8
30
15
17
28
6
4
24
22
23
12
31
16
11
13
1
2
10
20
27
14
7
18
21
0
30
12
28
26
14
5
13
2
20
19
15
7
25
16
27
0
10
9
6
18
29
17
11
4
21
31
3
22
8
23
24
1
29
0
22
15
26
20
1
24
6
13
14
12
10
3
7
4
21
9
11
27
5
19
25
17
28
2
30
18
16
31
8
23
16
24
26
10
28
14
27
2
25
6
21
8
19
22
1
4
13
12
15
9
20
29
31
0
11
17
5
18
30
7
23
3
11
19
10
18
27
9
23
25
12
29
16
2
8
15
26
14
24
31
0
4
21
28
30
20
5
3
13
17
1
7
6
22
0
22
27
29
4
26
3
2
17
18
28
9
25
7
30
5
20
11
14
19
16
6
10
12
8
15
24
21
23
1
13
31
29
3
25
13
6
30
12
22
18
7
5
8
2
23
21
20
19
1
9
14
26
11
10
27
15
24
4
16
17
0
31
28
25
7
10
5
6
13
15
31
23
1
22
11
9
29
28
16
8
27
14
0
20
30
12
18
26
3
24
19
21
2
17
4
2
21
20
3
26
10
14
29
19
15
24
31
0
7
4
25
9
11
23
16
27
22
5
13
28
1
30
17
6
12
8
18
7
21
1
6
2
10
4
3
11
26
17
31
24
12
20
15
9
14
27
5
18
13
25
30
16
22
19
29
23
28
8
0
16
23
17
13
22
14
24
12
31
0
28
1
30
20
15
19
26
11
6
4
25
7
3
2
8
10
27
5
18
21
9
29
16
1
12
0
5
18
2
4
10
19
13
20
11
9
25
23
29
3
15
7
14
27
26
6
22
31
21
30
28
24
8
17
12
2
6
18
11
1
7
5
24
0
8
30
31
27
16
20
26
23
4
19
29
13
22
3
15
9
14
10
25
21
17
28
14
31
9
27
8
26
6
2
1
17
24
5
15
29
19
21
7
4
10
3
13
11
25
22
23
18
0
28
16
20
12
30
29
25
10
24
22
23
15
18
12
8
11
19
0
1
27
30
2
6
4
17
9
3
13
7
5
20
21
14
28
26
16
31
26
22
29
31
4
12
28
20
6
21
5
25
30
1
19
24
0
7
27
23
9
10
11
16
14
17
18
8
2
3
15
13
17
24
10
31
28
26
4
11
1
29
12
16
14
23
27
19
25
8
13
0
7
21
2
5
15
18
3
30
9
22
20
6
3
7
19
17
13
9
30
31
21
6
8
14
27
24
29
26
16
12
11
15
18
0
5
22
25
23
1
10
4
20
2
28
7
10
8
22
11
9
16
19
4
2
21
30
6
23
26
5
29
1
27
24
14
3
17
28
20
15
18
31
13
0
25
12
9
12
18
8
2
1
19
6
25
3
7
29
22
21
28
17
31
4
14
16
27
30
10
5
11
13
24
20
23
15
0
26
30
11
17
18
29
19
22
23
6
2
7
0
24
1
3
12
20
13
8
31
28
4
27
25
14
9
26
15
5
10
16
21
24
2
9
1
31
30
15
23
14
21
19
27
22
4
17
16
25
12
0
18
26
10
7
28
8
11
6
3
29
5
20
13
6
19
21
1
24
16
27
7
20
31
10
2
17
22
11
28
5
29
3
13
25
0
8
30
23
4
26
15
9
14
12
18
23
1
30
5
20
21
14
0
18
29
13
17
2
11
19
8
16
15
4
31
6
9
22
10
7
26
25
27
28
24
12
3
29
31
25
14
3
10
26
12
5
18
7
1
23
4
8
30
16
22
2
0
13
6
17
9
11
15
24
19
27
21
28
20
19
17
24
8
5
30
29
0
13
7
28
9
12
14
23
3
26
22
27
4
20
15
16
11
31
10
21
25
6
18
1
2
14
2
12
16
27
24
4
25
22
17
30
31
20
18
26
0
5
13
15
23
3
8
11
10
19
9
21
1
7
6
28
29
27
31
28
18
6
30
15
7
2
13
26
20
12
0
23
25
14
19
3
21
22
11
24
9
4
1
10
8
29
5
17
16
7
16
17
30
2
26
31
1
15
12
8
4
10
18
28
0
14
6
27
24
21
19
13
5
25
29
23
20
9
22
11
3
2
3
15
9
17
14
4
10
6
25
1
24
16
19
11
31
23
12
18
21
13
22
8
27
29
26
28
5
0
7
20
30
4
18
0
21
9
16
14
24
23
10
20
13
17
30
19
7
11
31
5
25
28
27
29
15
3
26
22
1
6
12
2
8
18
17
23
20
31
12
7
25
19
27
30
24
6
22
8
11
29
1
5
15
14
3
26
28
2
16
9
21
13
10
4
0
19
0
27
20
7
21
24
6
16
18
4
5
25
10
23
13
30
17
1
26
9
11
14
31
29
3
12
2
22
15
28
8
