7
5
2
3
23
12
22
1
13
27
6
28
4
10
19
25
9
26
11
8
0
20
17
31
18
14
15
30
24
21
16
29
12
9
0
14
25
17
27
4
13
3
30
8
1
6
29
10
21
5
2
15
11
18
19
22
31
26
24
28
7
20
23
16
10
27
25
5
19
20
16
7
23
1
13
9
6
12
26
15
11
24
14
28
8
3
0
18
17
2
29
4
30
21
22
31
21
13
12
23
17
16
9
18
26
10
30
29
27
22
31
28
2
19
14
3
15
5
7
11
1
8
20
25
6
4
0
24
11
15
7
21
31
30
28
6
0
29
22
19
27
1
20
16
13
5
4
14
18
8
3
9
26
25
12
17
23
2
10
24
18
27
1
22
12
14
6
2
20
31
7
3
9
13
26
0
4
28
11
8
21
16
30
19
24
23
25
5
17
29
10
15
3
27
28
10
6
11
24
18
25
20
5
22
4
1
21
9
2
13
12
7
0
15
26
8
14
31
19
23
16
30
17
29
8
21
4
12
20
26
7
18
10
17
14
28
6
22
25
2
16
3
11
30
13
29
31
19
9
27
0
5
24
15
1
23
19
18
13
27
2
4
1
21
23
0
30
5
20
15
7
24
14
26
28
10
6
3
29
9
8
31
11
22
12
16
17
25
5
31
3
15
28
27
7
0
22
12
9
10
14
26
25
19
21
6
4
18
16
24
1
11
8
29
17
20
2
30
13
23
19
8
16
6
7
28
24
27
18
31
25
1
10
22
17
15
30
13
0
5
29
12
11
26
20
14
2
4
21
3
9
23
14
27
26
24
30
7
6
8
2
12
3
18
23
1
13
31
29
21
11
5
15
16
22
20
19
4
9
28
0
10
25
17
13
8
19
27
16
0
10
1
26
14
7
3
25
28
9
29
31
11
20
4
6
18
21
2
22
12
23
17
24
5
15
30
19
11
0
26
13
16
18
22
17
20
30
24
23
6
29
25
2
28
1
15
21
12
14
27
4
10
7
9
5
3
31
8
11
26
27
18
28
29
14
8
22
23
31
7
19
12
24
0
10
3
2
6
30
4
25
21
1
15
17
13
9
5
20
16
27
18
16
10
7
4
26
20
14
5
17
24
21
13
9
19
8
22
6
1
3
15
28
2
23
0
12
30
29
25
31
11
31
20
13
18
23
2
3
22
12
5
17
11
27
16
29
30
4
25
21
28
14
19
10
0
9
26
1
7
24
8
15
6
16
3
21
15
23
24
8
0
1
10
20
5
22
28
11
14
27
13
2
9
29
26
12
25
30
18
17
31
6
7
4
19
16
23
6
21
14
18
2
7
8
3
10
0
29
13
1
9
12
30
15
11
4
31
25
24
5
22
27
17
19
26
20
28
27
23
20
2
26
11
21
0
22
14
25
4
16
18
7
31
1
30
28
10
24
8
29
6
12
15
9
3
13
5
17
19
3
28
30
5
23
22
20
19
13
2
16
9
6
18
12
26
27
14
7
15
11
31
0
21
8
4
29
10
25
24
1
17
18
29
12
1
20
10
25
16
2
7
8
31
11
19
3
26
4
28
5
13
27
23
9
30
22
0
21
24
17
15
6
14
15
30
10
11
5
23
13
4
18
1
8
9
3
2
12
31
7
19
26
17
25
29
20
22
6
24
21
27
14
16
28
0
2
3
22
6
23
21
12
17
1
16
31
19
0
25
7
8
14
11
10
15
13
4
24
30
20
29
27
26
5
9
28
18
26
3
6
15
14
28
10
4
13
25
21
7
16
8
23
17
20
27
29
24
11
30
9
1
0
22
5
2
31
18
19
12
10
7
24
31
21
12
8
28
6
14
13
5
30
16
23
4
2
9
11
19
20
17
0
22
29
26
3
18
25
15
1
27
31
17
2
21
16
27
7
5
28
25
23
11
29
15
13
19
20
0
6
26
24
22
30
4
1
9
8
12
18
3
14
10
10
29
21
6
0
4
22
30
12
16
5
28
25
20
13
24
14
18
8
1
19
11
27
31
17
26
7
3
15
23
9
2
20
9
31
6
19
11
5
3
30
4
26
18
14
24
15
17
13
16
29
12
7
2
8
0
28
10
21
1
25
27
23
22
17
23
19
7
0
13
4
30
8
3
11
31
29
15
27
26
10
25
24
21
20
1
14
5
6
16
18
22
9
12
2
28
11
20
16
7
9
17
10
30
12
19
5
26
6
29
21
2
18
4
8
23
3
28
15
1
14
0
22
13
27
25
31
24
12
21
18
31
3
26
28
2
1
8
9
14
16
13
10
19
24
11
7
25
23
27
30
5
15
6
0
4
22
20
29
17
7
27
8
31
22
18
14
20
0
30
15
1
4
23
11
6
29
16
9
10
24
2
3
13
12
5
28
25
17
19
21
26
23
27
26
24
11
19
21
0
10
12
2
7
29
28
6
14
3
5
31
1
17
9
13
22
18
15
16
20
25
30
4
8
26
17
20
25
8
13
2
29
24
31
6
18
16
1
14
12
19
5
30
4
0
7
9
28
21
27
15
22
3
23
11
10
4
29
24
16
22
7
10
13
2
8
3
14
23
30
12
19
9
26
17
20
0
5
31
11
1
27
28
18
21
6
25
15
17
14
29
21
24
19
11
31
27
0
30
22
7
9
28
25
2
3
26
13
16
8
23
12
10
15
5
20
18
6
1
4
17
11
13
15
4
30
10
18
31
27
25
29
23
3
21
6
9
7
0
2
28
5
20
1
8
26
14
22
19
24
12
16
22
18
5
29
15
24
26
16
10
0
6
31
21
8
14
13
19
7
30
17
3
25
23
11
4
1
28
2
12
9
27
20
