3
26
4
0
13
9
12
30
6
8
2
25
7
18
29
1
22
15
14
27
21
24
31
11
5
19
20
28
17
10
23
16
18
22
11
23
21
3
25
6
31
14
15
24
27
19
2
29
12
20
1
4
5
8
16
9
30
0
7
17
13
10
26
28
26
24
19
22
17
15
2
14
20
0
6
27
7
9
13
4
23
16
1
29
31
10
21
18
11
8
5
28
25
30
12
3
28
11
7
4
27
19
5
6
15
10
18
25
9
21
16
20
3
0
24
13
12
30
29
22
17
26
2
31
8
23
1
14
26
8
2
4
15
1
18
11
10
21
9
29
3
17
22
19
25
12
27
28
5
23
0
6
31
20
30
14
7
16
13
24
9
8
23
15
28
16
19
14
24
25
29
7
1
10
13
17
20
6
4
30
18
21
0
5
27
3
22
12
26
2
11
31
30
5
10
16
18
9
3
0
8
24
1
2
11
22
15
4
27
31
20
13
25
14
6
19
28
12
21
17
7
23
26
29
11
13
23
6
29
14
3
8
21
30
9
2
25
20
5
1
28
19
7
22
16
24
31
0
10
12
27
17
26
18
15
4
31
14
7
2
23
19
28
29
30
9
6
4
0
20
16
15
3
21
24
11
22
10
25
12
1
13
18
27
8
17
26
5
16
11
7
20
0
22
21
13
27
10
17
3
9
29
5
4
2
31
14
1
26
25
23
18
28
6
12
19
15
8
24
30
9
6
13
11
23
21
12
8
31
22
2
3
1
29
28
20
14
30
4
25
18
5
24
16
0
10
26
15
19
17
27
7
2
28
15
26
8
12
30
18
14
24
21
17
23
5
13
29
0
22
1
27
16
11
31
10
7
3
20
9
4
25
6
19
20
7
6
19
5
23
14
22
29
16
10
15
30
24
9
3
31
8
27
21
1
26
18
0
12
13
17
28
11
25
4
2
4
30
2
9
5
11
8
12
19
13
1
18
15
21
17
29
27
23
7
25
16
22
6
3
20
10
0
14
31
24
28
26
30
20
1
18
7
27
0
31
3
5
12
2
22
6
28
11
4
13
15
25
14
9
24
19
23
17
29
26
8
10
16
21
31
16
7
6
29
0
28
5
30
2
11
1
27
26
9
23
20
10
12
14
13
15
24
18
21
4
17
22
19
25
8
3
13
5
0
21
7
24
10
11
22
1
4
9
15
20
12
16
25
31
29
8
17
23
14
30
18
3
28
19
26
27
6
2
12
14
23
26
21
22
4
0
27
11
19
16
7
15
1
5
28
20
17
25
13
8
31
10
30
24
3
29
2
6
18
9
19
2
25
20
6
29
7
31
30
4
9
11
16
22
21
27
0
17
1
3
26
5
15
14
10
18
13
23
12
24
8
28
18
21
13
4
0
2
24
22
29
27
9
3
30
12
8
26
14
1
15
5
19
23
7
20
6
31
28
11
16
25
17
10
14
26
18
4
10
6
15
0
24
13
17
19
31
12
29
8
9
20
2
21
25
27
28
23
22
1
7
5
16
3
30
11
30
18
2
17
25
21
9
8
1
14
10
11
7
31
23
28
0
22
12
6
3
4
13
19
16
29
24
15
20
5
26
27
24
13
8
12
16
0
11
19
29
9
17
25
15
18
4
26
7
20
28
6
2
22
5
27
21
1
10
3
14
30
23
31
24
11
5
10
7
14
6
25
26
0
15
16
23
18
28
2
29
3
4
22
20
21
17
1
8
31
12
27
13
9
19
30
29
23
4
30
13
8
16
12
14
24
2
15
1
28
22
27
11
31
10
20
5
26
21
6
0
18
7
3
9
25
17
19
21
0
30
7
18
2
1
23
19
3
14
26
11
24
17
22
28
15
4
10
31
16
13
20
29
8
5
9
27
12
6
25
13
23
11
12
6
17
1
28
27
4
15
2
26
9
19
21
14
8
5
10
7
20
30
22
0
31
3
18
24
29
25
16
22
3
17
16
20
9
18
2
0
24
21
23
19
14
1
11
8
13
31
25
28
7
27
10
12
30
5
29
4
15
26
6
6
10
21
19
0
3
13
26
22
24
25
16
17
7
4
9
31
5
1
28
27
20
11
12
30
8
2
29
14
18
23
15
16
19
29
7
21
18
20
12
11
23
24
13
4
10
5
27
9
14
8
1
0
17
2
22
15
25
31
6
30
26
3
28
18
22
29
25
11
24
1
30
4
0
15
28
20
31
2
27
14
3
6
23
9
12
7
17
5
19
10
13
26
8
21
16
26
5
20
4
25
21
11
24
18
10
6
23
30
27
16
17
12
15
22
13
31
2
1
14
9
8
0
29
28
19
3
7
3
5
2
6
24
28
18
17
21
20
16
19
7
25
9
15
11
10
26
13
29
23
27
14
30
4
0
22
1
31
8
12
21
27
25
19
26
3
17
23
18
24
14
6
2
7
28
31
22
11
20
10
1
12
16
15
5
8
0
13
29
4
9
30
17
18
5
27
16
2
4
22
6
13
26
20
1
25
30
8
24
3
19
0
7
10
9
28
21
12
31
11
15
14
29
23
13
3
16
0
21
23
25
22
9
1
11
10
5
7
28
6
30
31
15
14
20
27
4
24
12
18
17
26
8
19
29
2
24
7
2
17
25
21
20
15
30
29
4
19
11
31
9
1
16
3
26
6
28
14
13
12
27
18
5
8
22
0
23
10
7
14
26
22
13
2
23
5
12
9
15
4
31
16
8
3
17
27
28
10
11
21
20
25
29
19
1
24
6
18
30
0
