22
17
15
1
24
16
26
21
11
29
10
8
30
23
14
19
27
20
28
9
0
6
18
31
4
5
25
2
7
12
3
13
8
31
0
26
15
9
14
22
17
3
7
20
2
23
11
10
29
18
16
25
4
13
27
19
12
6
30
24
21
28
1
5
14
1
5
23
16
2
27
3
11
8
19
30
4
10
0
24
17
25
28
13
22
21
18
26
29
7
6
12
15
9
20
31
20
15
1
30
8
4
18
7
27
29
13
2
23
19
22
28
5
6
16
25
24
21
3
26
17
14
12
10
0
31
11
9
9
15
1
21
20
5
23
6
7
27
25
10
28
31
29
19
4
3
12
13
17
11
30
2
18
22
14
24
0
16
8
26
18
14
5
23
21
26
12
6
9
17
29
8
22
13
3
15
28
7
24
25
11
30
0
16
19
4
2
31
10
20
1
27
27
31
10
30
2
7
9
4
28
6
14
3
13
20
5
18
11
29
1
23
16
15
17
21
0
22
8
19
26
12
25
24
15
18
20
8
21
9
16
14
29
27
5
10
4
17
1
22
7
23
25
11
3
31
13
2
24
26
6
0
28
19
12
30
3
8
11
9
7
21
26
2
28
13
5
29
22
14
0
20
6
16
4
23
30
27
17
15
31
19
25
12
24
10
1
18
0
1
15
28
24
5
3
4
26
29
12
10
16
31
6
19
9
8
18
7
20
22
14
27
11
21
23
17
13
30
2
25
17
2
28
12
5
9
25
14
19
8
10
16
21
0
22
27
7
15
29
23
31
1
30
26
13
24
4
11
20
6
3
18
23
0
5
8
30
7
27
4
25
19
12
9
29
21
20
6
10
22
14
24
2
18
17
16
28
11
13
1
26
3
15
31
21
22
25
10
12
30
18
13
26
16
14
7
0
1
19
15
9
23
2
4
6
31
17
27
11
5
24
3
29
8
28
20
14
19
25
26
8
18
22
11
3
12
31
20
10
17
24
15
16
1
23
6
13
2
28
30
5
29
4
9
27
0
7
21
25
15
14
13
3
17
10
31
9
27
18
19
24
7
21
5
4
6
1
16
29
20
8
2
11
23
0
28
22
30
12
26
16
24
5
28
23
11
1
3
13
9
8
17
25
30
2
12
20
21
18
7
29
31
0
6
27
26
4
19
15
10
22
14
11
18
17
2
13
0
4
26
28
6
9
25
23
10
22
3
21
7
29
8
27
15
12
30
20
5
19
24
1
16
14
31
16
9
17
29
6
31
13
5
14
8
30
11
0
7
23
10
27
2
4
1
28
20
19
21
24
22
18
26
12
3
25
15
7
28
1
3
4
0
13
23
24
9
12
2
26
14
5
15
30
27
17
11
18
19
10
8
21
29
25
16
31
20
22
6
16
27
7
11
5
10
19
8
30
29
2
23
31
21
9
13
6
4
26
14
1
24
18
3
22
15
20
17
25
0
28
12
19
0
11
12
9
13
1
10
8
5
4
3
23
2
28
22
27
18
30
26
25
17
21
14
29
6
20
24
16
7
15
31
26
23
6
21
19
16
9
24
25
0
14
20
13
5
12
28
18
29
4
7
11
15
31
2
3
1
22
27
10
8
30
17
12
6
28
29
11
7
30
26
19
23
27
16
22
3
5
10
17
20
18
24
21
13
8
1
31
0
4
9
15
2
14
25
2
7
21
30
22
13
10
23
16
12
3
8
28
11
27
15
25
24
31
20
6
26
0
9
1
4
29
5
19
14
17
18
15
24
13
31
1
6
16
27
17
28
9
4
14
12
18
8
2
19
29
30
7
23
21
22
25
0
10
26
20
11
5
3
10
16
30
7
15
23
4
0
3
22
26
31
29
14
5
6
21
24
1
28
20
8
17
27
9
11
25
18
13
2
12
19
21
30
29
10
3
20
2
18
5
11
16
9
28
4
24
14
23
25
13
6
15
19
22
8
7
31
1
27
0
17
12
26
10
13
4
22
28
6
12
3
25
29
18
27
5
9
24
2
23
0
30
8
21
7
1
26
11
31
20
17
15
14
19
16
30
11
29
13
1
15
25
3
18
7
28
4
23
2
24
27
16
6
31
20
26
12
9
10
22
5
14
19
8
0
21
17
6
29
3
8
12
7
10
4
2
14
13
15
30
9
28
18
20
24
0
25
17
19
16
26
21
23
31
22
27
5
11
1
13
23
22
8
0
24
21
26
29
20
19
6
2
10
27
1
3
16
14
15
30
12
18
28
7
11
31
17
5
25
9
4
4
2
25
9
29
7
18
20
10
17
8
27
6
19
28
0
30
26
14
13
15
31
11
22
3
1
12
16
5
24
23
21
5
25
24
6
8
10
28
1
18
17
9
23
29
3
21
30
19
12
20
22
15
26
7
4
14
27
2
31
16
11
13
0
5
1
18
14
24
2
0
31
20
22
19
9
25
29
11
16
6
8
13
4
21
27
7
26
23
15
12
10
30
17
3
28
30
13
10
19
28
20
24
6
1
22
23
17
7
26
16
21
11
12
15
9
27
4
5
8
29
18
2
14
25
3
0
31
20
13
10
7
16
12
2
19
28
21
25
24
3
26
31
17
9
15
5
4
22
29
11
0
8
23
30
18
27
6
14
1
31
29
21
2
13
27
17
5
8
15
10
23
4
1
19
14
6
0
16
12
28
7
26
22
9
24
3
20
30
11
25
18
15
27
24
4
21
14
0
3
5
25
11
1
8
16
17
22
10
6
13
9
12
20
30
31
29
18
28
7
19
26
23
2
31
2
12
23
11
25
19
24
29
7
5
28
18
0
30
27
16
14
17
9
26
3
10
20
6
22
4
1
15
8
21
13
