14
3
25
16
23
30
29
11
22
15
1
26
4
28
31
19
18
17
13
7
27
21
8
10
9
12
20
0
5
24
6
2
11
24
28
26
23
31
14
18
20
17
13
6
19
4
30
29
21
27
9
2
5
7
0
15
12
10
25
22
3
8
1
16
6
20
27
26
19
29
3
10
1
17
31
16
21
15
24
22
30
2
12
18
0
13
28
11
4
23
9
14
25
5
8
7
16
25
11
31
21
24
26
19
23
18
28
1
14
3
10
17
4
22
0
27
8
5
12
2
6
15
29
13
30
7
9
20
0
27
5
3
6
15
23
1
19
30
14
2
13
20
11
26
7
8
25
18
17
12
21
16
22
28
24
31
9
10
4
29
28
25
4
6
14
21
10
7
2
0
30
8
13
20
16
12
15
22
19
27
9
18
26
31
1
29
11
24
17
23
3
5
30
18
1
3
0
7
19
23
26
9
27
8
22
28
11
24
21
14
17
13
4
20
25
16
29
15
2
6
5
31
12
10
18
11
20
31
25
23
21
17
28
15
30
5
16
9
14
13
22
27
24
6
12
29
10
26
0
7
8
4
19
1
2
3
28
24
21
9
0
13
20
26
7
29
6
14
4
27
25
3
10
8
16
19
18
30
23
22
1
31
5
11
12
17
15
2
22
10
21
13
30
6
2
25
12
17
24
19
11
16
31
7
0
29
27
4
26
18
14
15
9
8
3
28
23
5
20
1
15
6
19
4
2
14
7
27
21
9
10
25
3
5
23
1
29
26
30
31
16
8
12
0
13
18
24
17
11
20
22
28
22
15
27
5
6
30
16
23
19
29
31
10
7
4
21
2
24
25
14
0
18
20
12
8
28
13
9
11
1
17
26
3
7
22
20
19
26
11
18
29
17
12
21
28
6
30
9
2
4
1
3
14
10
31
23
8
13
27
16
5
24
25
15
0
20
14
31
11
26
3
15
22
1
16
27
7
21
4
10
23
30
6
5
12
25
8
9
28
13
18
0
19
17
29
24
2
10
25
28
5
19
12
9
13
3
8
21
26
4
30
17
0
23
7
1
24
22
14
29
31
11
6
15
18
2
27
16
20
2
19
25
0
20
9
11
22
10
4
29
1
16
21
3
30
24
6
23
13
5
7
26
17
18
31
28
12
15
14
27
8
14
29
19
31
5
30
28
6
15
4
13
17
24
26
9
12
1
27
8
20
0
25
7
18
21
16
23
2
3
10
22
11
17
22
24
11
12
18
7
2
27
10
13
23
20
0
29
9
14
28
4
6
15
5
25
21
16
26
31
8
3
30
19
1
11
23
18
14
15
31
26
10
30
17
13
16
24
1
21
7
25
0
20
4
6
5
12
3
2
19
29
28
9
8
22
27
11
1
7
30
14
18
6
5
27
19
0
29
28
17
22
21
31
23
9
26
13
24
8
4
10
16
2
15
12
3
25
20
11
28
23
26
13
3
8
16
27
12
17
29
22
7
14
25
4
24
9
21
15
19
2
20
18
30
1
0
31
5
10
6
17
24
27
14
8
30
13
0
11
28
16
5
23
15
20
7
18
4
1
25
19
26
3
2
10
22
6
29
21
31
12
9
29
21
7
17
24
27
5
28
3
20
16
25
31
6
23
14
26
13
15
2
22
18
10
1
30
4
12
0
8
9
19
11
26
23
28
4
9
5
1
3
22
6
10
13
2
12
16
24
21
18
17
11
31
0
15
14
25
27
19
8
29
20
7
30
14
8
27
15
19
4
28
17
10
16
22
1
3
18
6
5
12
24
31
20
11
30
2
26
25
7
0
13
9
21
29
23
18
6
1
27
26
15
20
17
7
22
10
4
14
3
29
16
13
21
28
5
11
8
30
2
9
0
19
23
24
31
25
12
1
27
4
17
16
13
8
23
5
26
10
19
2
6
7
11
15
22
0
20
9
18
24
21
3
29
12
25
28
31
14
30
14
26
5
17
22
3
7
13
31
2
16
9
6
19
20
28
12
15
1
18
29
24
21
30
10
23
0
25
27
11
8
4
2
10
28
11
6
5
14
19
24
0
1
13
12
16
15
29
8
9
22
25
4
31
27
20
3
26
30
21
23
17
18
7
13
5
20
17
16
8
18
2
27
14
3
9
24
0
4
26
30
10
6
19
21
22
1
31
23
15
11
7
28
25
29
12
3
4
18
28
21
12
13
20
1
30
9
29
10
2
17
31
26
22
11
8
24
19
16
23
7
14
25
6
5
15
0
27
0
1
12
15
18
26
11
7
23
27
28
22
10
31
20
3
19
30
21
17
14
9
13
8
5
24
25
29
4
2
16
6
12
25
13
5
31
22
19
4
29
24
18
1
16
8
17
30
26
2
21
14
0
10
20
11
3
27
23
28
7
15
6
9
1
22
12
28
8
30
3
11
31
17
23
21
25
14
18
0
29
26
24
7
6
20
27
16
15
13
9
10
4
2
19
5
7
12
30
0
18
20
11
17
4
10
1
3
22
26
27
5
14
15
21
13
8
31
29
6
23
25
9
24
16
19
28
2
14
6
9
23
27
26
13
25
7
20
22
11
17
4
15
16
31
8
29
10
30
2
18
1
28
3
0
19
5
12
21
24
1
6
24
20
5
31
2
15
18
17
14
10
25
19
7
9
26
4
27
8
29
21
3
22
11
16
23
12
30
0
28
13
30
25
17
3
5
27
26
29
12
10
19
21
23
4
20
2
15
24
14
31
0
13
6
1
16
18
7
11
22
9
8
28
