5
1
10
17
18
23
24
3
25
22
19
15
29
7
26
9
2
21
28
16
12
13
14
6
20
31
11
0
27
8
4
30
30
0
29
25
24
14
31
11
4
12
16
2
17
18
26
9
23
3
22
21
19
7
10
6
13
1
5
8
28
15
27
20
0
22
13
10
18
26
15
19
11
2
3
7
28
30
25
4
16
31
1
21
29
6
20
23
8
17
12
14
27
9
24
5
30
0
10
17
14
8
21
20
3
15
16
18
13
9
7
11
4
6
24
12
22
5
28
29
2
27
1
31
25
19
23
26
3
17
20
13
18
1
22
10
2
8
23
14
21
30
4
15
27
28
31
0
19
26
9
5
6
16
11
25
12
24
7
29
26
21
30
9
4
24
8
19
31
11
20
6
25
0
1
5
23
3
18
29
12
27
28
2
22
13
17
7
14
15
16
10
26
5
13
11
3
10
9
14
1
4
28
18
2
31
29
7
17
21
8
24
6
19
22
23
16
0
12
20
25
27
15
30
13
3
6
2
26
22
20
11
27
30
16
18
9
21
7
10
31
14
5
0
8
29
17
15
24
28
19
25
4
12
1
23
19
30
22
13
18
14
2
23
15
5
25
28
3
20
4
24
9
27
0
12
10
21
8
6
16
7
17
26
29
11
31
1
22
2
23
19
26
10
31
11
16
13
17
29
0
7
18
25
27
5
28
21
20
9
6
24
3
12
15
1
4
14
8
30
4
15
31
17
23
22
11
6
10
9
27
8
19
18
24
25
0
13
28
14
29
30
26
20
5
16
3
2
1
21
7
12
25
14
15
31
27
8
9
4
1
20
3
17
21
13
24
7
22
28
29
19
16
10
18
23
12
6
2
0
11
30
5
26
3
7
18
24
25
20
4
16
0
2
19
6
15
29
1
31
8
27
5
23
30
17
12
14
26
11
10
21
28
22
9
13
6
23
5
30
12
8
0
22
29
18
2
1
15
3
20
25
28
27
10
16
9
26
13
31
14
4
7
11
24
17
19
21
8
25
6
13
23
17
22
14
7
3
29
24
27
11
18
19
2
26
12
10
5
0
1
20
30
31
21
16
28
9
15
4
1
18
27
24
4
6
8
30
17
13
11
15
31
29
12
22
2
3
5
0
7
9
28
19
23
10
14
26
21
16
25
20
5
1
27
6
29
20
7
11
19
9
13
2
0
8
28
4
23
16
17
22
31
30
25
14
10
24
3
12
18
21
26
15
12
15
9
17
14
13
0
8
6
27
1
31
23
4
3
16
11
26
24
18
25
2
30
20
28
29
21
5
22
19
10
7
15
7
6
2
1
22
12
14
20
27
19
21
10
23
28
11
17
8
5
30
13
18
24
31
4
29
26
25
3
9
16
0
0
28
29
26
22
31
15
17
12
20
16
19
2
21
18
7
25
13
3
27
30
23
5
1
14
8
24
6
11
9
4
10
25
15
23
14
1
6
0
20
5
2
9
3
27
17
22
30
28
21
29
19
31
24
16
11
26
10
4
8
12
18
7
13
22
21
7
9
10
4
24
8
16
20
12
13
11
29
25
3
1
14
30
2
15
23
28
17
31
5
27
26
0
18
19
6
3
4
6
22
5
2
25
24
27
16
30
11
31
17
23
8
19
26
29
9
21
14
0
28
1
13
18
10
12
15
20
7
5
25
6
17
12
8
28
31
1
29
19
11
27
30
21
3
23
16
0
7
20
26
15
24
13
10
22
4
14
18
9
2
11
10
28
3
16
13
7
5
12
23
2
19
21
8
29
22
31
6
20
24
30
17
26
15
18
0
27
9
25
14
1
4
7
4
2
14
26
10
24
11
8
20
15
27
0
5
21
12
30
19
22
23
9
16
1
25
28
13
6
29
18
3
17
31
16
17
13
14
27
18
19
10
28
8
6
24
23
2
9
26
11
5
20
25
29
4
21
12
15
30
3
1
22
0
31
7
20
28
1
29
4
12
27
13
25
26
10
9
31
18
24
6
7
23
17
0
5
2
3
16
19
21
30
15
22
8
11
14
5
26
24
17
22
23
20
2
15
28
12
29
11
14
6
31
8
30
25
4
27
21
7
1
9
13
16
10
0
3
19
18
11
13
15
21
8
5
14
22
24
31
2
1
19
28
7
9
27
12
4
3
10
20
6
23
26
30
0
25
29
16
17
18
12
9
5
17
29
13
14
11
18
26
4
6
10
20
3
16
25
31
7
23
1
2
19
15
27
30
24
22
28
0
21
8
0
29
17
13
3
19
22
6
24
27
4
9
5
26
21
10
25
11
20
2
23
28
15
16
30
31
7
18
1
14
8
12
29
14
22
10
5
18
4
12
19
2
13
16
3
23
1
8
17
27
0
11
9
30
26
31
20
7
21
15
25
6
28
24
19
12
21
14
9
15
0
22
2
5
30
23
20
24
10
11
31
16
26
28
8
27
17
25
4
29
13
7
1
18
6
3
1
11
21
7
16
22
17
12
3
0
4
13
10
5
9
26
8
30
20
15
2
19
24
29
25
14
23
6
27
18
28
31
2
20
18
14
8
11
9
5
0
4
30
7
27
19
3
13
29
25
1
31
26
12
23
6
28
21
17
22
24
15
16
10
31
8
14
28
11
4
9
1
12
13
5
25
0
16
19
24
20
26
18
7
2
23
15
30
6
22
10
17
21
3
27
29
12
4
27
10
13
23
16
26
14
24
15
31
7
2
20
1
0
25
18
30
28
29
19
5
3
21
22
8
11
6
9
17
