10
28
4
8
23
24
3
15
19
25
17
20
27
29
9
7
6
16
1
22
31
12
14
5
21
0
11
2
18
26
13
30
21
23
6
31
20
25
12
16
29
3
26
4
24
28
9
0
17
5
10
22
1
2
15
11
13
7
27
18
8
14
19
30
24
31
13
18
22
17
14
12
0
2
6
23
7
20
8
21
4
15
3
11
26
1
28
29
19
5
16
25
10
9
27
30
21
7
22
1
16
14
19
25
29
6
15
8
13
12
9
30
0
28
10
20
31
27
5
3
4
18
23
2
17
26
24
11
22
10
4
28
25
29
15
12
1
31
2
0
20
13
23
21
27
14
18
17
16
5
26
7
19
24
11
30
8
6
9
3
16
20
10
17
2
29
0
7
3
1
8
5
27
25
11
13
26
23
22
30
31
28
15
9
12
14
4
24
19
18
6
21
16
13
10
2
6
23
27
26
28
25
11
30
7
1
0
31
4
19
15
21
8
17
9
22
29
14
18
12
3
24
5
20
24
8
29
12
6
10
31
2
13
3
17
14
0
7
4
19
5
22
11
1
20
18
23
15
26
16
9
28
21
27
30
25
24
12
21
16
19
26
1
20
17
15
30
25
7
6
4
18
0
31
14
5
23
22
29
13
27
10
3
2
11
28
8
9
3
24
26
9
12
20
14
0
1
8
10
7
25
27
16
15
19
21
22
18
29
13
31
17
28
11
30
2
23
5
6
4
11
2
7
21
27
8
18
6
10
3
31
12
1
4
23
0
20
26
16
29
5
13
25
24
19
15
30
14
17
9
28
22
2
4
17
14
15
27
19
24
18
26
16
8
3
11
20
23
12
9
31
22
13
1
21
29
28
30
5
25
7
10
6
0
3
5
6
7
18
13
12
31
20
15
16
8
11
1
27
14
28
25
10
26
19
24
30
22
2
23
17
0
9
4
21
29
14
21
2
11
22
6
25
26
10
12
7
17
28
13
29
31
3
8
16
23
19
15
0
30
9
24
1
20
4
18
5
27
4
11
7
23
15
1
28
29
6
31
18
27
30
25
2
20
3
10
19
17
21
13
8
26
16
12
0
9
22
14
24
5
24
16
23
30
4
2
19
18
5
11
17
14
12
15
21
0
22
10
7
1
8
13
25
9
26
31
6
27
28
20
29
3
17
3
0
25
23
10
18
13
5
6
27
16
9
8
20
28
22
12
26
11
31
4
29
24
2
30
7
15
21
19
14
1
11
28
16
20
7
23
21
3
22
29
8
19
30
31
2
14
24
27
15
12
17
10
9
0
5
25
1
18
26
6
13
4
3
2
9
11
27
25
30
26
7
18
15
13
8
20
22
5
1
19
21
12
0
6
10
16
24
4
28
14
29
17
31
23
24
1
26
20
17
11
16
28
25
4
13
3
14
23
21
18
22
0
27
8
15
10
19
30
12
7
31
29
5
9
6
2
18
25
23
15
26
2
27
22
16
11
24
12
4
1
8
0
7
6
14
30
13
19
28
5
17
9
3
31
10
21
20
29
29
3
28
11
2
19
22
12
6
16
10
9
5
24
15
20
21
7
14
8
0
18
27
13
26
4
17
1
31
25
23
30
16
20
12
2
5
31
27
3
1
0
4
28
25
29
22
8
13
15
21
9
17
10
23
18
11
19
14
7
24
6
26
30
14
23
21
12
18
24
29
26
11
27
15
17
1
28
16
22
25
7
0
5
31
8
20
2
9
30
19
10
3
6
4
13
27
14
15
10
2
24
3
8
20
23
22
7
9
11
28
5
26
19
18
4
31
1
13
21
30
29
12
25
6
0
17
16
4
3
16
13
0
22
5
26
24
10
11
27
15
30
17
31
6
7
23
19
21
28
25
20
1
2
9
12
29
8
18
14
2
13
0
20
29
14
17
25
11
26
21
31
9
16
18
10
3
22
30
1
12
6
5
4
8
23
27
7
24
28
15
19
14
12
10
20
27
31
29
9
7
1
3
21
5
18
8
23
6
11
0
26
28
2
30
15
24
4
16
25
13
19
17
22
19
20
3
10
18
7
0
4
6
17
30
5
29
27
26
31
11
14
25
15
24
28
1
23
12
21
2
16
22
9
8
13
27
30
4
17
29
3
9
11
13
18
2
24
16
7
8
6
20
26
19
21
22
0
5
28
25
10
14
12
1
23
15
31
9
15
11
30
20
5
22
21
4
14
10
2
29
0
24
17
18
26
3
7
13
25
31
8
19
27
28
16
12
1
23
6
25
4
24
11
31
23
0
13
27
2
10
28
6
21
22
26
3
18
15
8
7
20
12
30
16
5
29
1
19
17
14
9
27
11
10
22
0
25
6
16
2
19
1
21
23
9
20
15
31
18
14
28
29
26
7
12
4
8
13
30
5
24
17
3
13
25
16
29
24
14
17
21
0
20
9
31
8
11
26
28
10
30
5
23
18
12
2
22
15
27
19
4
6
7
1
3
7
21
29
28
23
4
13
2
24
5
30
20
6
0
15
12
16
11
19
9
22
25
8
3
27
1
31
10
26
18
14
17
17
18
28
10
11
16
30
3
2
4
13
1
14
19
26
0
5
6
23
12
20
31
8
25
22
27
29
7
21
15
9
24
18
4
20
19
7
27
11
14
6
8
2
10
29
28
16
13
1
0
23
31
3
15
24
25
5
22
26
30
12
21
17
9
31
28
10
8
2
19
9
5
1
13
24
7
22
23
15
27
26
11
0
6
17
4
18
16
30
29
3
12
14
20
25
21
