15.621505
16.019045
16.049557
15.872310
16.056706
16.109996
15.759078
15.625689
15.934634
15.751592
15.705049
16.025977
15.977983
16.001040
15.862399
15.645841
15.670933
15.992773
15.611912
15.684539
15.964819
15.632939
15.599101
16.006584
15.740159
15.604308
15.936738
15.701336
15.983782
15.588446
15.573302
15.346440
16.219345
16.136990
15.733016
16.131211
16.133838
16.152691
15.746414
16.156708
16.070283
16.019182
16.016024
16.151227
15.924995
16.079992
15.802462
16.012782
15.708328
15.911768
16.141142
16.031087
16.056697
15.758332
15.886598
16.122367
15.736459
15.856968
15.585557
15.849927
15.705225
15.702309
15.838022
15.589892
15.925960
15.818261
15.989764
15.984976
15.955808
15.983184
15.822346
15.966264
15.815010
15.578626
15.770071
15.184664
15.296855
15.289091
15.264325
15.245930
15.948836
15.165742
15.772950
15.387155
15.199201
15.136754
14.980353
15.129213
15.118837
15.682361
15.084188
15.023625
15.097753
15.176436
14.509173
14.720908
15.347897
16.291010
15.944239
16.026680
16.093223
15.913258
15.016806
15.706994
16.073704
16.037067
16.062685
15.288908
15.494732
16.004324
15.267982
15.230769
15.682847
15.292822
15.480752
15.157135
15.224423
15.294913
14.972403
15.117071
14.848692
14.926694
15.815348
15.021778
15.442580
15.411373
15.155060
14.468375
16.273587
15.585221
15.538630
15.972977
15.994392
15.937381
15.560442
15.152155
15.730029
15.848180
15.837417
15.144616
15.672904
15.501093
15.964213
15.260967
15.408459
15.463721
15.086078
15.373797
15.946377
15.273692
15.254110
15.912977
15.054375
15.460087
15.068125
15.723216
15.489087
15.695965
15.144097
14.480146
16.088583
15.559559
15.784968
16.034814
16.034347
16.092271
15.942942
15.940874
15.872096
16.058985
15.886655
15.984600
16.092969
15.513185
15.620689
15.641153
16.079669
15.513462
15.306924
15.501187
15.748040
15.758013
15.582291
15.289124
15.483886
15.438951
15.759708
15.270031
15.608347
15.282500
14.361151
14.585738
16.229429
15.134620
15.824504
15.926679
16.108805
15.941419
16.076556
16.075179
15.805518
15.683107
15.354955
16.054575
16.061210
15.354197
15.691805
16.081881
15.523003
15.353987
15.122110
15.627198
15.251708
15.304953
15.282401
15.035589
16.009613
15.139944
15.395874
15.164559
15.605996
15.261666
13.821763
13.478965
13.100518
13.045117
13.018891
13.047005
13.015856
13.037468
13.035113
13.036277
13.018855
13.021218
13.046664
13.154513
13.126072
13.177528
13.152747
13.181517
13.124631
13.177788
13.015460
13.161378
13.036285
13.159814
13.175766
13.140638
13.039430
13.071479
13.120937
13.041808
13.039967
13.027138
12.992956
13.034517
12.921279
13.041057
13.123332
13.168809
13.173784
13.156891
13.136472
13.135521
13.170126
12.869676
13.164082
12.921939
13.144509
13.166989
13.038172
13.025454
12.918657
12.868464
13.106647
12.908940
12.848027
12.681442
12.758881
12.984550
12.676803
13.083031
12.752956
12.968672
12.713543
12.966190
12.622276
13.092651
13.411536
12.893995
13.127888
13.142363
13.043132
13.063933
13.038940
13.119148
13.040466
13.025864
12.905598
12.892978
13.082165
13.041116
13.016329
13.015941
12.853164
12.826190
12.906451
13.117730
13.161293
13.009939
13.067296
13.026338
13.104202
12.755534
12.957450
12.637078
12.197617
12.408369
12.076750
11.524118
12.945091
13.164090
12.958392
13.118651
12.966887
13.149032
12.974052
13.131898
12.899146
13.160459
13.110451
13.140043
12.894542
13.120823
12.707604
12.894991
12.735156
13.058292
12.968031
12.967889
12.788528
12.856255
13.035259
12.495782
12.712529
12.605384
12.554749
12.510516
12.204782
12.117854
11.495667
10.980667
13.413012
12.898116
13.080338
13.070456
13.191771
13.164249
13.065772
13.191324
13.020054
13.011608
13.171170
12.833425
13.144270
13.177184
13.154221
12.841850
12.992802
12.967227
13.020766
13.132539
13.125536
12.954365
12.822299
12.845319
12.845146
12.831493
12.876611
12.819362
12.820871
12.922613
12.891676
12.649975
15.476092
15.406178
15.457217
15.473402
15.382869
15.444858
15.420563
15.192451
14.849806
14.828195
15.339988
14.825580
14.718244
14.649013
14.922871
15.185141
14.816772
14.846470
14.806779
15.031699
15.377401
14.896033
14.899845
14.814773
15.230684
14.846611
15.036594
14.475539
15.009718
14.819700
14.086296
14.299445
16.341161
15.130606
15.983020
16.132673
15.936211
16.101983
16.068833
16.040884
16.117175
16.096100
15.955838
16.119870
16.037508
16.083162
15.816458
16.012511
15.413157
15.418410
15.188719
14.822795
15.576748
15.043191
14.984567
14.964313
15.560807
14.972623
14.840659
15.066473
15.202254
15.180386
15.204543
15.094076
15.363053
16.054775
16.105796
16.094271
16.028493
16.077951
15.938294
16.049144
16.088043
15.636789
15.453985
15.924473
15.922234
15.781263
16.024981
16.072937
15.396597
15.251419
15.443593
15.780744
15.600695
15.333006
15.111881
15.306096
15.211304
14.942578
15.392504
15.067923
15.225247
14.916922
14.974545
14.977624
15.647694
16.107940
15.689691
16.124260
16.058835
16.108097
16.127124
16.127521
16.061591
15.734308
15.672742
15.991042
15.837090
15.712351
15.283080
15.697398
15.705776
15.244331
15.737262
15.988540
15.821912
15.757274
15.538873
15.523965
15.406361
15.200156
15.527008
15.401021
15.242904
15.219471
15.123002
15.623371
16.045921
16.107841
15.876995
15.508204
15.612023
15.887218
16.125325
15.801280
16.077328
15.431073
16.117647
15.979581
15.564751
15.460517
15.944135
15.550578
16.095221
15.973922
16.012100
15.810993
15.314871
15.299802
15.583707
15.412536
15.643100
15.446755
15.554952
15.624131
15.567828
16.070097
15.600120
15.255010
15.366563
15.331841
15.906911
16.106597
15.750170
16.093162
15.515256
15.944711
16.087336
16.074687
16.012817
16.068893
15.493728
15.543745
15.641418
15.256864
15.712797
15.407350
15.117543
15.369388
15.433341
15.564947
15.397791
15.271822
15.234306
14.885390
15.415921
15.435902
15.249890
15.291103
14.757497
14.302982
13.380251
13.186880
12.957467
12.981051
12.982997
13.163622
12.954752
12.962842
12.962599
12.959899
12.979970
12.958368
12.963155
13.055276
12.975803
13.035497
13.130340
13.054092
13.105783
12.990252
13.161045
13.144350
13.163962
12.930576
13.166797
13.126498
12.978324
13.148419
12.986465
12.966540
13.161999
13.076089
13.321136
13.382373
13.082700
12.950181
12.976862
13.092579
12.957937
12.984559
12.954612
13.123770
13.093592
13.105551
12.964717
12.946669
12.936302
12.967839
12.937384
13.132297
13.102743
12.948120
13.076589
12.968915
12.964028
12.948287
13.118005
13.109604
13.016814
12.970219
13.083546
12.935241
13.097314
12.507966
13.385951
13.159181
13.050193
13.099957
13.037290
13.031522
13.062557
13.061033
13.039128
13.063307
13.155250
13.109997
13.065870
13.161087
13.037633
13.175041
13.053006
13.036939
13.154444
13.113497
13.082397
13.128996
13.117474
13.003983
12.995024
13.027387
13.006106
12.866936
12.979250
13.143310
13.139565
12.907906
16.356470
16.424679
15.957907
16.034273
16.158563
15.980634
15.922798
16.166976
16.168875
16.162273
16.167393
15.950008
15.995083
15.894912
15.906284
16.134082
16.107540
16.035648
15.895286
15.977991
15.910097
16.100448
15.998713
16.052857
15.947694
15.921367
16.058347
15.927103
15.901789
15.971607
15.934444
15.899220
15.459844
16.146601
15.551471
16.133164
16.048431
15.759054
15.451474
15.829226
15.647180
16.123174
16.035413
16.111637
15.407246
16.107492
16.130512
15.937092
15.613362
15.577056
16.124672
15.967698
15.873460
16.084035
16.109734
15.558534
15.356188
15.403846
15.473684
15.599279
15.278984
15.418351
15.349852
15.278754
15.316291
16.139431
16.056100
15.476500
15.975774
15.995219
15.894895
16.076323
16.121150
16.118117
16.042467
15.731874
15.604273
15.562575
16.005435
16.094706
15.859942
15.522620
15.723568
15.568146
15.987552
15.322331
15.393117
15.389846
15.307529
15.588051
15.319229
16.074987
15.509954
15.434958
15.239825
15.257022
15.696273
16.097025
16.038581
16.044894
16.117502
15.973318
16.104553
16.103105
15.832169
16.115503
15.873542
15.408243
16.107797
15.950559
15.407884
15.912902
15.493536
15.716090
15.610462
15.092607
15.640610
15.373351
15.478828
15.663871
15.237822
14.960357
15.062421
15.133967
15.438155
15.210184
15.075939
15.192650
15.879920
16.280433
16.003074
15.923018
16.156593
15.933256
16.065737
16.136057
16.132142
16.143703
16.094680
16.000226
15.945119
15.989101
16.054299
15.915072
15.765110
15.617237
15.902923
15.451595
15.601595
16.076125
15.766932
15.753703
15.740590
15.405672
15.333942
16.108911
15.427439
15.325584
15.725044
15.877513
13.385053
12.896451
12.753233
13.175981
13.179781
13.115962
12.954449
13.141149
12.963679
12.975222
13.156838
13.118162
12.936276
12.966676
12.948842
13.034911
13.024646
12.990151
13.038320
12.877838
12.719775
13.123096
12.839801
12.836391
12.986341
12.880518
12.970061
12.889638
12.778314
12.811464
12.617123
12.244568
13.401358
13.057551
13.172186
12.972524
13.045943
13.142984
13.049465
13.135697
13.156633
13.182779
12.960661
12.971837
13.175571
13.026781
13.169989
13.018658
13.047779
13.150459
13.172988
13.129000
13.014685
12.948163
12.957004
12.956586
12.960159
12.767407
12.931951
12.827577
12.817559
13.135830
12.724450
12.950732
15.620836
16.361048
16.203027
16.038538
16.104537
16.041901
15.753911
16.059741
15.671013
15.887093
15.528918
16.062151
15.781197
15.522133
15.996225
15.257396
15.202576
15.373540
14.915715
15.199748
15.256690
15.227343
15.859231
15.256732
15.462592
15.618608
15.474580
14.885685
14.802953
14.535268
14.523773
14.673779
14.843788
14.842495
15.183214
15.424229
15.504684
15.445080
15.499175
15.427264
14.801163
15.469308
15.130098
15.320368
15.346327
15.485036
15.423086
15.432480
14.969378
15.209051
15.261173
15.457055
14.930120
14.938231
15.044716
14.819395
14.753345
14.841302
14.819700
14.776778
14.931364
14.827287
14.776190
14.659028
16.116416
16.021267
15.800497
15.475608
15.925941
16.059432
15.372654
16.108080
15.923253
16.036087
15.598469
16.092582
15.806622
15.492403
15.364699
15.493082
15.383879
15.368557
16.061990
16.057078
15.490182
15.664481
15.353525
16.084835
15.527651
15.475143
15.649223
15.248996
15.337913
15.042709
14.899288
14.849833
15.751732
15.781168
15.469631
15.376522
15.510623
15.361852
15.020120
15.259206
15.553476
15.431060
15.542930
15.550382
15.279744
15.072156
14.985272
15.509612
15.420823
15.137056
15.472199
15.443630
15.268684
15.053414
15.374050
15.502485
15.246559
15.079546
15.467396
15.098962
14.964942
15.098735
14.872874
14.182667
15.521575
15.908420
15.906774
16.068275
15.989245
16.005717
16.080200
16.002350
15.937504
15.546135
15.537354
16.097885
16.076935
15.579498
16.086713
15.397623
15.598617
15.907643
15.722823
15.391861
15.841526
15.735106
15.843065
15.540994
15.612413
15.363095
14.963005
15.217800
15.294766
14.702581
14.291807
13.920804
13.495011
13.137749
13.160155
13.125853
13.128928
12.966000
13.151434
13.146571
13.176453
13.110334
13.040344
12.952573
13.116865
12.954853
13.058440
12.953757
13.024948
13.109282
12.940085
13.056894
13.145829
13.019332
12.954226
13.011257
12.939055
13.028980
12.943771
12.993656
13.117116
13.126774
12.898667
12.704738
13.434754
13.378952
12.964052
12.960305
13.171854
13.163923
13.092507
13.000254
13.138538
13.144483
12.865854
13.002013
13.157007
13.127656
12.988002
12.835754
13.104994
12.976588
12.844884
12.785755
12.926897
12.786565
12.769199
12.669006
13.130663
12.745731
12.665945
13.050473
13.089594
12.658668
13.059946
13.075363
13.490770
13.082094
13.022338
13.007145
13.026046
12.991382
13.161175
13.150779
13.143504
13.136792
13.170574
13.142380
13.016687
13.004456
13.103703
13.183466
13.182227
13.186727
12.998111
13.161703
13.100797
13.153202
13.112030
13.009930
13.083033
13.122162
12.975766
12.951925
12.827258
12.983981
12.963145
12.311561
13.264937
13.205634
13.077996
13.078104
13.050689
13.208264
13.176429
13.086984
13.047971
13.169323
13.169107
13.072556
13.147294
13.191186
13.138525
13.050158
13.053246
13.047887
13.191683
13.084974
13.065197
13.135939
13.083991
13.122289
13.104129
13.075001
13.094033
13.055968
13.004863
13.026489
13.160902
13.151165
16.115999
15.771530
15.972012
15.813809
16.031465
16.137643
16.060706
15.972605
15.977581
16.019589
16.056739
15.980833
16.083541
15.949204
15.758613
16.127588
16.120026
16.065716
15.984116
15.944132
15.984225
15.956190
16.119537
15.789471
16.069256
15.711205
15.749451
15.591814
15.614510
16.043508
15.700274
15.369198
