14.850558
15.982161
15.951500
16.021342
16.010275
15.916359
15.967409
16.007919
15.911971
15.663739
16.083078
15.822659
16.018685
15.547520
15.347594
15.454219
15.681021
15.173468
14.935643
15.289234
15.273996
14.854213
14.930982
15.126909
15.032924
14.738524
14.904847
15.786524
15.619822
14.889808
14.622996
15.067567
16.170136
15.912078
15.888233
15.909399
15.916477
15.923957
15.865815
15.843787
15.843607
15.535270
15.870904
15.956557
15.863179
15.906437
15.889270
15.876250
15.987970
15.695819
15.990583
15.980294
15.662001
15.830784
15.482035
15.498173
15.956718
15.771210
15.666384
15.666454
15.451866
15.397751
14.600955
14.525253
15.953626
15.911174
16.105256
16.170800
16.056463
15.889597
16.025196
16.076787
16.035343
16.049420
15.861090
16.040504
16.103017
16.003778
16.002550
16.003477
16.034124
16.129938
16.051553
16.138468
15.840627
16.075702
16.039970
15.738264
15.860878
15.983986
16.102543
16.029598
15.786517
15.895191
15.497234
15.376467
16.340791
15.809531
16.055961
15.741418
15.982859
15.981508
15.892613
16.037083
16.098309
15.862155
15.737145
15.995116
15.979728
15.653240
16.068933
15.674800
16.119293
15.954204
16.006532
15.626456
16.064407
16.082725
15.844009
15.765791
15.522809
15.853605
16.083428
15.592322
15.884362
15.401245
15.247978
13.729844
15.576417
15.539929
16.120894
16.167701
15.974178
16.044286
15.918846
16.149938
15.970956
15.750345
15.937003
15.770383
16.148128
16.102976
16.060186
15.785089
16.033404
15.951089
16.144527
16.085099
15.711935
15.841001
16.112499
16.127063
15.638594
15.885630
15.828575
15.624880
16.016448
15.352418
15.668003
15.448649
15.443602
16.315507
16.048507
16.111292
16.061129
15.428234
16.030556
16.075196
16.095208
15.974388
15.486719
15.842458
15.951861
15.348202
15.477274
16.033254
15.647425
15.814249
15.648678
15.039101
16.061837
15.193765
14.962970
15.385778
15.331897
15.173783
15.353584
14.952549
14.964635
15.320390
14.919306
15.022076
15.923399
15.970273
16.156363
15.985811
15.942808
16.053629
16.029028
15.983218
16.095127
15.906582
15.917800
16.075435
15.971663
15.921576
16.093375
15.957659
16.056448
16.112002
15.758685
15.917983
16.124074
15.904431
15.985780
16.100253
15.917478
16.108506
15.923963
15.955299
15.849304
15.329043
15.206391
14.708717
16.313311
16.455187
16.429546
16.030172
16.101664
16.145650
16.099999
16.019509
15.538792
15.995880
16.071923
15.773769
15.658791
16.092803
15.620412
15.786321
15.932480
15.813613
15.743387
15.622103
15.939061
15.512441
15.591564
16.112344
15.925706
16.032484
15.793324
15.634375
15.900673
15.100424
14.564688
13.642738
16.313076
16.048449
15.957149
15.990406
15.984360
15.952724
15.985121
15.818576
16.105085
15.785052
15.952014
15.663574
15.959491
15.995383
16.091052
15.952727
16.095338
15.546902
15.623438
15.636655
15.487136
15.749695
15.514089
15.839873
15.907557
15.805204
15.862425
15.390951
15.344057
15.444322
15.358176
14.613133
15.320561
15.339634
15.444316
15.326325
15.343964
15.443934
15.491334
15.427218
15.357575
15.398554
15.472691
15.413053
15.394306
15.466375
15.507806
15.513646
15.150793
15.398231
15.323908
15.286991
15.288298
15.386278
15.122922
15.469817
15.282930
15.473528
15.293996
15.075278
14.873259
14.826958
14.767794
13.369499
15.558952
16.096889
15.564658
16.102673
16.113528
16.000979
16.114562
15.471894
15.872900
15.465344
16.004580
15.685266
15.780582
15.371474
16.044064
15.859735
15.671869
15.650483
15.757823
15.380073
15.396249
15.382025
15.626904
15.380753
15.371574
15.883909
14.897762
14.853096
14.363892
14.182016
13.914611
13.421514
16.114268
16.041759
16.062625
15.927592
15.763018
16.115572
16.117005
16.115705
16.072396
16.055689
15.962735
16.026572
15.356932
15.576538
15.841958
15.589260
15.332468
15.360678
15.518799
15.296820
16.027714
15.246580
15.943059
15.220588
15.095046
14.614448
14.686140
14.901588
14.195149
14.781891
14.034144
13.854781
15.881639
16.063026
16.022351
15.942392
16.065621
16.114549
15.510568
15.937550
15.753437
16.066126
16.087053
15.915926
16.029852
15.885073
16.025381
16.014785
15.645835
15.720262
16.089677
15.475956
15.632179
15.449037
16.050514
15.291668
15.445991
15.244795
15.880220
15.218561
15.313776
15.402635
14.197163
13.884449
13.502852
13.412540
13.052958
13.023054
13.037576
13.158587
13.096481
13.198541
13.195324
13.097704
13.041403
13.049135
13.025905
13.012624
13.020937
13.169451
13.031099
13.043007
13.061283
13.085477
13.090022
13.072561
13.160924
13.002146
13.025433
13.134689
13.176086
13.063402
12.989535
13.092888
12.891670
11.302925
13.380971
13.107747
12.983602
13.023013
13.007863
13.118695
13.019888
13.172429
13.173539
12.979576
12.969485
13.166489
13.124663
13.145135
12.994358
13.000204
12.977558
12.982521
13.062050
12.967357
13.102843
12.956146
12.986344
13.069303
13.050362
12.990767
13.115243
12.813548
12.932222
12.884230
12.426868
12.478921
13.496062
13.032905
13.136749
13.184251
13.169866
13.175023
13.064869
13.147591
13.106342
13.116567
13.108285
13.055501
12.951555
13.101283
12.835199
12.913454
13.052456
12.907058
12.923973
12.930300
13.002674
13.014432
12.829356
12.725333
12.721815
12.844000
13.095024
13.120156
13.028587
12.731612
11.330526
11.236320
16.351513
15.314848
16.127815
16.127953
16.118805
15.968882
15.653166
16.075962
16.031605
15.977104
16.118155
15.581517
15.739726
15.858930
15.724423
15.847903
15.660916
15.660412
15.474187
15.451805
15.979910
15.300984
15.535901
15.544817
15.385073
15.396168
15.274889
15.190133
15.171464
15.191187
15.275772
15.860299
15.352498
15.423835
15.418612
15.527268
15.522856
15.503657
15.518607
15.441185
15.456691
15.497214
15.432502
15.118020
15.455642
14.820742
14.450149
14.977420
14.807516
15.110401
15.449223
14.775271
14.692363
14.620574
14.811026
14.567867
14.617532
14.482726
14.937012
14.475867
14.672015
14.740395
14.510116
14.086045
15.884601
16.145363
15.856258
16.029013
16.030430
15.967001
15.954212
15.943392
16.079680
16.094400
15.963767
15.865818
15.843809
16.135888
16.066543
15.911152
15.980320
15.966523
16.130602
15.935391
16.113127
16.120325
15.974865
15.832183
15.941094
15.807590
15.727845
15.844398
15.531891
15.769752
15.420502
15.096417
15.278570
16.097629
16.086143
16.109208
15.993168
16.101761
16.047839
15.964506
15.880734
15.683351
15.690386
16.031153
16.008458
15.440554
15.178092
14.896177
15.433405
15.007502
15.307107
15.970559
15.172874
15.181859
15.310227
15.319032
15.650154
15.915921
14.925569
15.039137
15.143457
14.882636
15.900954
14.736285
16.113769
16.014098
16.116694
16.141383
16.102089
16.107492
16.106707
15.960446
16.127035
15.778881
16.129860
15.984660
15.825107
15.880848
16.119902
15.386169
15.356244
15.392654
15.555563
15.231880
15.655663
15.062534
15.218196
15.377490
15.491977
15.298251
15.323613
15.180165
15.186246
16.073473
15.066110
14.984094
16.116621
15.593804
16.032349
16.077956
15.746419
16.113931
16.026386
16.074885
16.075133
16.092836
15.889491
15.592887
16.093626
15.872689
15.260135
15.448454
15.729448
16.078896
15.345876
15.394227
15.199438
15.265071
15.152182
15.267167
15.004104
14.930716
14.915523
14.972542
15.219147
15.080081
15.051111
16.048421
13.478799
13.108404
13.065468
13.178587
13.081143
13.144590
13.099933
13.101847
13.149084
13.062673
13.065612
13.147365
13.049558
13.186485
13.191546
13.071552
13.175177
13.058734
13.109617
13.151885
13.094368
13.079432
13.127815
13.067980
13.076847
13.058408
13.037038
13.114351
13.064662
13.157167
13.130460
13.042308
13.494087
13.490818
13.406003
13.164299
13.110343
13.160789
13.126240
13.149444
13.125859
13.177577
13.031911
13.055916
13.136615
12.792504
13.173736
12.928463
12.929763
13.086069
12.765169
13.036294
13.048155
12.987856
12.749841
12.854341
12.858235
12.847753
12.730928
12.990240
12.754874
12.901375
12.964695
11.831723
13.393495
12.858040
12.933258
13.163686
13.144636
13.069334
13.164677
13.143559
13.055685
13.175472
13.163565
13.178984
13.051368
13.128989
13.052881
13.055154
13.153166
13.175837
12.977404
13.116114
12.916776
13.172494
12.802099
12.954462
12.966956
12.805293
12.935181
12.816293
12.806561
12.787959
12.890671
12.772486
12.896579
12.913501
12.992973
12.901388
13.091945
13.130260
13.181917
13.004059
12.919258
13.083188
13.006006
13.165353
12.896393
13.130955
13.164480
12.975854
12.903174
13.093172
13.142659
12.961143
13.172938
12.919434
13.164971
12.937378
12.899863
12.883023
13.128275
13.117360
12.882864
12.905276
13.068731
12.220339
12.942389
13.139891
13.149001
12.959635
13.150843
13.173741
13.165748
13.100535
12.941463
13.180140
13.003939
13.108685
12.945282
13.192428
13.192520
12.937168
13.166051
13.103412
12.946925
13.073572
12.955087
12.996035
12.939971
12.985146
12.944074
13.069535
13.115566
12.977821
13.154778
13.163373
13.155869
13.032576
15.717595
15.756242
15.741577
15.219706
15.368266
15.361414
15.477573
15.169248
15.373387
15.381092
15.387052
15.037487
15.148428
15.489849
15.171993
15.328282
15.026939
15.428821
15.452791
15.192190
15.113841
15.494266
15.097587
15.340144
15.395146
15.333389
15.307041
15.303407
15.259566
14.770317
14.805409
14.764624
16.119259
15.904179
16.068279
16.097505
16.069093
15.650184
16.116353
16.096666
15.981950
16.034433
15.813596
16.102066
15.930282
16.100377
15.719475
15.176768
16.044262
15.561377
15.216930
15.281354
15.331892
15.378194
15.244649
15.161172
15.323834
15.289456
15.448665
15.181471
15.248724
15.168839
15.126053
15.121021
16.397031
16.376828
15.844807
15.789937
16.173089
16.126509
15.992556
16.123052
16.113559
16.079244
16.075801
15.898154
16.140342
15.866211
16.097878
15.894089
16.037482
15.982993
15.858496
15.710522
16.024962
15.937351
15.968218
15.874286
16.007586
15.524621
15.569223
15.379186
15.568196
16.005100
15.498442
15.500951
15.413131
15.379549
16.050880
16.133602
15.586762
15.653774
16.121625
15.999753
16.102665
15.427783
16.098513
15.858268
15.403938
16.061877
15.367446
15.591478
15.427490
16.030420
15.545720
15.708351
15.548790
16.081130
15.363222
15.409434
15.210926
15.324822
15.754169
15.902365
15.888879
15.463462
14.765847
14.374300
15.767156
16.032200
15.792058
15.631654
16.004443
15.850188
16.158856
16.077100
16.014204
16.003894
16.146677
16.094248
15.753976
15.981184
16.122891
16.096578
15.936397
16.134300
15.853970
15.916457
15.750985
15.822354
15.886272
16.103066
15.593066
16.125104
15.735357
15.607053
15.751357
15.883061
15.739378
16.050879
13.373401
13.472288
12.993030
13.171099
13.123036
13.139273
13.053614
13.160721
12.983371
13.154896
12.870353
13.130585
12.870932
12.941771
13.105225
12.928287
13.095316
13.056247
12.847846
12.937480
13.120907
12.824383
12.748161
12.744643
12.980447
12.780241
12.711375
12.707039
12.771987
12.735420
12.787232
12.467043
12.892534
12.871734
13.097872
13.086739
13.088136
13.137756
13.142098
13.079874
13.069468
13.147947
13.078088
13.090143
13.169631
13.147735
13.166194
12.983847
13.168220
13.094873
13.103004
12.916430
13.164753
13.123520
13.083657
13.054117
12.900658
12.964073
12.947115
12.701741
12.896669
13.046612
12.701503
12.796776
15.196372
15.568583
15.557461
15.552750
15.565608
15.561041
14.916160
15.266936
15.449864
15.499055
15.042694
15.419163
14.993090
15.488361
14.917342
14.862680
14.876732
15.323422
15.378497
15.036110
15.227078
14.774397
14.733545
15.096672
14.683802
14.690868
14.865017
14.734605
15.398263
14.665018
15.100568
14.921399
15.743160
15.468584
15.541206
15.191706
15.524920
15.532295
15.514164
15.339249
15.070227
15.250983
15.422823
15.196518
15.071518
15.411422
15.332451
15.264078
15.146646
15.214765
15.077380
15.004171
14.830241
15.142389
15.039010
14.874071
15.050178
15.037582
14.947711
14.936374
15.450494
15.071384
14.412015
14.212306
16.151896
15.836462
16.108205
15.685747
15.495192
15.760681
15.810922
16.047400
16.132806
15.738362
15.993015
15.537987
15.976673
15.998776
16.079621
15.846014
16.127711
16.049997
16.127211
15.543403
15.509190
16.074151
15.583220
15.923618
15.641884
15.922785
16.089607
15.655646
15.757120
15.822012
15.795582
15.029102
16.018882
16.026385
16.111979
16.095076
16.056112
16.107198
15.869352
16.045442
15.617806
15.917357
16.075334
15.932393
16.038443
15.781135
15.435183
15.401926
15.170294
15.460572
15.296090
15.305167
15.160591
14.970922
15.238618
15.109596
15.338331
15.705101
14.590053
15.476783
14.859649
14.671215
14.340740
14.068836
16.326823
15.324465
16.061832
16.062310
16.042691
15.830966
16.025207
15.600840
16.018036
16.083241
15.862875
15.574395
15.306482
15.584738
15.781722
15.510882
15.295850
15.370675
15.196817
15.109203
15.234808
15.821537
15.460650
15.427746
15.809885
15.727109
14.766968
15.355526
14.580413
14.440856
14.806130
14.160277
