15.340342
14.943066
15.521643
15.310453
15.105912
14.960612
15.376716
14.971707
15.044842
15.303267
15.201124
15.271067
15.051330
15.304416
15.067624
15.339250
15.361997
14.999218
15.322200
15.075784
14.932542
14.928773
14.980906
15.141826
15.123922
15.281247
14.855218
15.078329
14.895529
14.922657
14.546597
14.128687
16.041677
16.075413
16.016261
16.152700
15.595606
16.106766
16.147654
15.755598
16.051878
16.099011
15.850087
16.127477
16.122684
16.135574
15.747657
15.632830
15.962602
15.942952
15.571166
15.839937
15.920940
15.619264
15.615165
15.810921
15.418911
15.440847
15.551140
15.873749
15.530396
15.217775
15.381269
14.749403
15.877800
16.332821
16.084387
15.818625
15.986772
15.970181
16.122396
15.672662
15.963645
16.070135
16.009009
16.115362
16.112271
15.848950
15.815236
15.701494
16.007256
15.714768
16.081179
15.471592
15.995844
16.037489
15.712848
15.473645
15.820146
15.574659
15.432909
15.328564
15.505254
15.276739
15.372150
15.624131
16.318318
15.896215
15.741202
15.710648
16.114086
15.951393
16.015078
15.852573
15.848047
16.121886
16.006292
16.048205
15.935120
15.823787
15.685907
15.798345
16.099656
15.704163
15.771452
15.654111
15.894075
15.752510
15.495989
15.951857
16.059484
15.866413
15.564645
15.163856
15.374658
14.412846
14.070422
13.495995
15.659416
15.459547
15.442667
15.338439
15.468121
15.501517
15.504684
15.197143
14.957032
14.902624
15.028038
15.505033
14.756410
14.879218
14.792669
14.758026
14.692683
15.163996
15.401877
15.485446
14.679286
14.720568
14.848514
14.986095
14.624362
14.755506
15.267420
14.708548
14.889244
14.928512
13.993573
13.829324
15.786095
15.297076
15.270675
16.116434
15.966742
16.109270
16.086028
16.106604
16.056753
15.881898
16.053545
15.767314
15.527807
15.838255
15.592890
15.956557
15.587374
16.015281
15.457609
15.542024
15.317624
15.378651
15.512814
15.425513
15.155423
15.008414
15.257628
15.843517
15.813152
15.490078
14.744341
15.385467
16.265050
16.366257
15.830053
16.084046
16.010661
15.898813
15.890530
15.824673
15.982245
16.056969
15.778511
16.111266
16.047304
16.024025
15.680231
15.642221
15.978644
16.090028
16.053750
15.680909
15.746305
15.320016
15.458948
15.282759
15.444421
15.781212
15.227759
14.799770
15.366242
15.088702
14.597113
15.257351
12.951239
13.122253
13.188170
13.180450
13.160723
13.145762
12.936904
13.165417
13.184446
13.113891
13.184060
13.093126
13.151575
12.996306
13.138825
13.082917
13.099594
13.165890
12.977412
13.078440
12.980844
12.962406
13.074046
13.092619
12.830406
12.896220
12.800642
13.076172
12.910964
13.061987
12.783641
12.884672
13.218340
13.394394
13.182153
13.150853
13.037785
13.177879
12.906813
13.160703
13.127684
13.052614
13.181923
12.830998
13.046432
13.124930
13.157219
13.109906
12.926251
13.146579
13.166450
12.822116
12.941167
13.015653
12.934963
12.816542
13.151015
12.898914
13.124323
12.993831
12.799971
12.884762
12.801382
12.825446
13.410936
13.430276
13.018905
12.945734
13.141245
13.180547
13.164994
13.093516
12.946732
12.979626
13.117951
13.046337
12.935710
12.942514
13.168646
13.174699
12.994833
12.915168
12.922557
13.129033
12.962166
12.942713
13.031125
13.013557
12.935795
13.126997
13.086042
12.786937
12.757082
12.472150
12.400080
12.478507
13.420295
13.412613
12.901372
12.841906
13.108812
13.052616
13.117200
13.141645
12.963254
13.169082
12.991715
12.895647
12.920506
12.958811
13.123424
12.884844
13.153542
13.035104
12.896765
12.718131
12.789035
12.905984
13.144890
12.770889
12.950096
13.071994
13.049199
12.836282
12.887236
12.958171
12.698829
12.642163
12.939424
12.885516
12.870425
13.149661
13.107981
13.058438
13.078357
13.115438
13.149717
13.191026
13.088185
13.188344
13.049715
13.180916
13.051392
13.050604
13.161370
13.121095
13.047603
13.143150
12.846029
13.155392
12.939160
13.043383
12.930533
12.834318
13.165837
13.054996
12.927607
12.711383
12.715217
12.603970
15.701132
16.168858
15.721686
16.190504
16.162310
16.180764
16.117481
15.796288
15.993782
16.187459
16.183071
16.101687
16.176159
15.793833
15.958514
15.926159
15.897398
15.978558
15.487765
15.935258
15.726162
15.710244
16.095089
15.905668
16.041732
16.119385
15.877955
15.639125
15.456520
15.625935
15.727925
15.972669
15.867307
16.366170
15.918936
16.122353
15.960511
16.102085
15.970122
16.016583
15.303579
16.010568
15.915136
16.101820
15.969565
16.065659
15.672986
15.722710
15.387611
15.665736
15.756169
15.421613
15.675432
15.721474
15.084846
15.587294
15.406717
15.496930
15.247478
15.731584
15.492594
15.245216
15.120957
15.707311
16.369745
16.107230
15.967684
15.782162
15.984369
16.102742
16.063435
16.122111
15.957283
15.775074
16.018691
16.083010
16.120679
15.863160
15.739503
16.097915
16.101089
15.502825
16.111960
16.022759
15.626022
15.727258
15.829500
15.603523
15.424879
15.671079
15.572224
15.812845
16.017350
15.840855
15.719367
14.530324
15.780109
16.102260
15.978259
15.577553
15.937068
16.147335
16.053917
15.785804
16.140780
15.943240
16.078755
15.980609
15.897913
16.031308
16.094889
15.895822
15.911879
15.802771
15.803422
15.899075
16.070987
16.007532
16.104391
15.577457
16.094891
15.617939
15.788980
15.524790
15.898022
15.594598
14.763192
13.453426
15.703977
15.680917
16.076600
16.089817
15.873577
15.857002
15.578102
16.047330
15.933261
16.082748
16.049441
15.730697
16.106995
16.138275
15.732248
15.902118
15.944427
16.106957
15.953424
15.890796
15.957934
15.659122
16.124093
16.020843
15.630582
15.503369
16.062173
15.970127
15.706566
15.931249
15.493700
15.295952
13.420431
13.353347
13.104988
13.156665
13.139289
13.132046
12.836699
13.067330
13.077097
13.100467
13.075040
13.059261
12.829891
12.913280
13.143742
13.136849
12.971357
12.980615
13.020396
12.831032
12.763832
12.915502
12.783930
12.760491
13.124711
12.786715
12.931007
12.613378
12.739385
12.911544
12.775403
13.043530
15.283862
15.168875
15.480920
15.518543
15.415675
15.462705
15.533689
15.530959
15.318269
15.318703
15.426929
15.553031
15.348474
15.393612
15.501965
15.382500
15.303255
15.327583
15.317713
15.353782
15.135574
15.532883
15.360695
15.304119
15.375077
15.088452
15.511265
15.276301
15.428839
15.201647
14.659327
13.497025
16.190750
16.346339
16.125245
16.068163
16.098188
15.864385
15.954371
15.611748
15.764731
15.777037
15.904180
15.581696
15.846950
16.086100
15.994712
16.040415
15.830547
16.012342
15.541311
16.027141
15.712348
15.377124
15.385270
15.564494
15.410490
15.891277
15.754481
15.755301
15.319998
15.266210
14.985331
15.184533
16.230797
15.991482
16.119323
15.989977
16.023686
15.926721
16.101100
15.917383
15.556731
15.814101
15.693365
15.496930
15.815226
15.541957
15.548929
15.483074
15.350480
15.146900
15.351872
15.682520
15.239475
15.038167
15.185065
15.145302
15.159359
15.193245
15.211110
15.662462
15.592569
14.391222
14.764441
14.710487
14.877547
14.870718
15.380266
15.508201
15.507351
15.227783
15.400419
15.494850
15.468919
15.471539
15.308146
15.198663
15.284520
15.211996
15.359618
15.098125
15.284434
15.479309
15.078852
14.915166
15.055389
15.348884
14.593721
15.052516
14.709020
15.264567
14.698197
14.809363
14.857104
14.848513
14.744256
12.685188
15.525731
15.481814
15.503738
15.490339
15.422431
15.500264
15.162819
15.456580
15.055068
15.018744
15.403341
14.838401
15.297071
14.913886
14.836419
15.187181
14.759352
14.978545
15.445555
14.414033
14.932645
14.411778
15.438077
14.609927
15.095307
14.591438
14.716716
14.765451
14.369441
14.042889
14.679825
14.394792
15.731236
16.065291
16.093422
16.115386
15.870431
15.896107
15.880366
15.993002
15.841486
15.963101
15.867861
15.918159
15.829037
15.719535
15.708606
15.833881
16.064319
15.707064
15.826143
15.665207
16.039366
15.483264
15.470199
15.846392
15.891378
15.583161
15.577116
15.476479
15.233613
14.780441
14.622321
14.534111
13.365490
13.054863
13.108361
13.053257
12.953851
12.957198
12.976844
13.149923
12.961604
13.168664
13.131919
12.976228
13.132654
13.045609
12.969360
12.959157
13.052055
13.080620
13.062808
12.962321
12.970065
13.139368
13.156901
12.968985
13.047729
13.082216
12.974619
13.031567
12.925983
12.958738
12.976169
12.958812
13.440376
13.435192
13.018397
13.056442
13.096323
12.989752
13.070283
13.068356
13.019928
13.111643
12.981846
13.014196
12.994072
13.077970
12.984308
13.080931
13.115624
12.991303
13.050045
12.990593
13.062617
12.980577
13.009668
12.959094
13.039919
13.051296
12.976960
12.960804
12.931240
12.882842
12.907066
12.031141
16.174045
15.829602
15.772638
16.053901
16.088624
15.807697
15.967961
15.904872
16.153329
16.026010
16.116383
15.796597
16.039634
16.076787
16.136440
15.951584
16.104249
16.133932
15.899312
15.973655
15.675607
15.759788
15.505017
16.051481
15.492462
15.605263
15.471807
15.665558
15.890182
15.426795
15.608767
16.026075
13.233467
12.850605
13.067581
13.103539
13.118203
13.117818
13.084911
13.111184
13.106289
13.076597
13.112156
12.828887
13.016651
12.838555
13.060506
13.002280
13.083490
13.104809
13.061549
12.829931
12.895674
13.018054
12.825265
12.910891
12.720436
12.676853
12.713777
12.895480
12.745004
12.717070
13.018246
12.547363
14.701463
15.495196
15.492429
15.506916
15.509830
15.509321
15.513176
15.515837
15.326102
15.431118
15.504304
15.202921
14.928594
15.427980
15.071607
14.997610
15.314233
14.975758
14.911848
15.054725
14.787924
15.166539
14.886888
14.681756
14.736854
14.491345
14.779495
14.732928
14.627414
14.488603
14.519763
13.939105
15.429202
15.066041
16.111598
16.059912
16.083660
15.114950
16.105673
16.114059
15.954685
15.799748
16.078070
16.098158
15.913517
15.648538
16.019022
15.716547
15.520238
15.961828
15.355430
15.596615
15.853408
15.340811
15.392021
15.200307
15.453069
14.880954
15.368948
14.807183
15.202164
15.169579
15.042133
15.896475
15.658141
15.597763
16.141984
15.898696
16.021713
16.102002
15.984590
15.994019
16.051133
16.119985
15.931841
16.114392
16.019769
15.852307
15.743430
15.961092
15.673407
15.542526
15.836059
16.115263
16.069615
16.063508
16.113329
15.650195
16.111563
16.027187
15.673491
15.648004
15.627438
15.691005
15.725145
15.400986
16.059196
15.348572
15.872006
15.802400
16.123018
16.113270
15.484814
15.964357
15.868056
15.418901
15.499011
16.062878
15.552948
15.612439
15.587045
15.490547
16.069173
16.119987
15.568392
15.542116
16.057010
16.062945
15.291410
15.470682
15.947653
15.307671
15.498402
15.585656
15.256440
15.323869
16.073704
14.898805
16.319387
15.260755
16.109135
15.940733
16.099492
16.085059
16.039338
15.998440
15.921562
15.633782
15.829605
16.029928
15.420326
15.361929
15.514075
15.374087
15.371057
15.991679
15.354020
15.610648
15.403560
15.292242
15.346144
15.247412
15.460984
15.086786
15.076492
16.028392
15.363231
15.216644
15.727458
15.604115
15.725065
14.806095
14.738894
15.451796
15.554438
15.528440
15.534960
15.247621
15.537747
15.487818
14.816381
15.468724
15.316346
14.979294
15.366556
15.172972
14.901016
15.020291
15.036419
14.896737
15.040319
14.769494
14.782407
15.047919
14.964504
15.076518
14.619716
14.764947
14.715636
15.381046
15.067639
15.090363
15.506002
15.449576
15.281038
15.500613
15.498348
15.274444
15.470462
15.350398
15.116936
15.430479
15.252264
15.483115
15.389932
14.992487
14.976780
14.718989
15.025441
14.774506
15.121186
14.763182
15.422001
14.849413
15.110572
15.198939
15.176082
14.648881
14.999589
15.089216
14.697885
14.470140
14.630870
14.194718
13.484993
13.184622
13.064125
13.150157
13.162374
13.152798
13.067725
13.145827
13.136011
13.037111
12.988862
13.176683
13.160259
13.072993
13.063001
13.177449
13.065042
13.075459
13.021885
13.119539
13.014870
12.868254
13.041609
12.792517
13.005351
12.857112
13.017491
12.841994
13.149435
13.139015
13.051930
10.793417
13.313922
12.970670
13.051618
12.971672
12.963044
12.986060
13.055550
12.784356
13.083943
13.084889
13.103693
13.075472
12.951587
13.016834
13.067134
13.107437
13.010622
12.867016
12.865024
12.810052
12.810358
13.088940
13.052265
12.841550
12.951634
13.085786
12.741704
12.737326
12.738979
12.730598
12.897117
12.407588
16.455814
16.392985
16.286856
16.127259
16.124531
16.051730
15.613039
16.102543
15.618196
16.142091
15.471471
15.771989
15.612444
15.884063
15.742659
15.751986
15.491287
15.624741
15.652623
16.032434
16.111846
15.726777
16.027354
15.889712
15.483829
15.457026
15.592351
15.649062
15.575606
15.651193
15.470856
15.610218
