12.737430
13.060428
13.058704
12.971456
13.100537
12.966759
13.109269
12.956751
12.801226
13.160783
13.037232
12.951163
13.060419
12.698735
13.069452
12.846336
12.962180
13.097469
13.079584
13.025824
12.947708
12.706942
12.843537
12.781595
13.001347
13.071407
12.928228
12.766095
12.671692
12.818842
12.881428
12.737722
13.378675
12.740908
13.085869
13.135476
13.187673
13.167607
13.189814
13.133900
13.139100
13.096137
13.153376
13.168878
12.987159
12.980851
13.148557
13.060435
12.887334
13.146353
12.834741
13.054195
13.170950
12.892228
12.968254
12.833995
12.895881
12.823288
12.755060
12.864999
12.716428
12.674711
12.722190
13.131151
13.062072
13.077942
13.082788
13.095931
13.116522
13.045796
13.142056
13.090818
13.062810
13.115072
13.100207
13.062101
13.033126
13.031540
13.170870
13.198905
13.054055
13.189658
13.073737
13.180891
13.033072
13.056065
13.036672
13.137301
13.056570
13.143571
13.157035
13.187045
13.142528
13.057075
13.008061
13.137037
13.436174
13.416605
12.820469
13.109389
12.960417
13.123878
13.111962
13.056182
13.140140
12.887747
12.875038
13.164185
13.162381
12.774161
12.864239
13.053208
12.877807
13.141528
13.153240
12.781680
12.960118
13.074440
12.749346
12.810923
12.897297
13.071945
12.619567
12.964887
12.959183
12.500676
12.526306
11.169874
13.391086
13.121558
13.168764
12.888073
13.144133
13.098880
13.169576
13.148815
13.131942
12.968677
13.070216
12.708410
13.159810
13.101959
12.933572
13.142769
12.694555
12.913527
12.777004
12.903666
12.946931
12.889889
12.744456
12.852624
13.040497
12.742424
13.017612
13.057746
12.034998
11.856579
11.682423
11.139117
13.481055
13.486754
12.714522
13.173705
13.171279
13.146588
13.126357
13.171482
13.128084
13.140511
13.143835
13.026474
13.116220
13.076401
13.080193
12.962379
13.025458
13.069882
12.921650
13.007258
12.745546
12.921684
12.842973
13.003503
12.783545
12.948766
12.773827
12.823935
12.829170
12.915602
12.671162
12.848530
14.931109
15.490121
15.481398
15.384276
15.449526
15.263930
15.469555
15.476117
15.111188
14.875358
15.471239
15.463885
15.022589
14.846411
14.804389
15.170847
14.906532
14.772344
14.809876
14.891421
14.795906
14.773851
14.961258
15.217336
14.802069
14.718777
14.824566
14.942252
14.327592
14.133020
14.345903
14.039445
16.478755
16.134067
16.171788
15.660328
16.117530
16.109585
16.178446
16.172388
16.156866
16.125702
16.166018
16.166483
15.950749
15.655354
16.102558
16.119142
15.953016
16.123700
16.019299
15.957089
15.762161
15.780851
15.826175
16.000339
16.000195
16.132848
15.931607
15.756521
15.787340
15.826278
15.612919
15.727394
15.632441
16.113307
16.038435
16.144060
15.943142
15.933779
16.144954
15.998053
15.761991
15.933669
15.956728
15.579311
16.066773
15.956603
15.645573
15.859257
16.134251
16.084194
16.134004
16.122128
15.905331
15.637931
16.129984
15.724379
16.048091
15.751583
15.898478
15.785957
15.998254
15.643139
15.489542
15.734109
16.119117
16.001807
15.997865
16.018919
16.080213
15.736909
16.028354
15.726314
16.089842
15.795758
15.781466
16.132748
15.809671
15.937336
15.710625
15.790555
15.742090
16.070982
15.695746
15.841589
15.827256
16.025808
16.019115
16.098138
15.822881
15.699122
15.666054
16.085117
15.878525
16.009989
15.504441
15.890095
15.988590
15.919016
15.620157
15.739532
15.923094
16.005006
15.714742
15.701287
15.851689
15.952100
16.015796
15.972830
16.016552
15.455856
15.620020
15.852723
15.552459
15.758184
15.960323
15.708384
15.730042
15.899082
15.609283
15.825809
15.988678
15.588644
15.671456
15.429414
15.973360
15.714439
15.396720
15.552145
13.483153
13.144610
13.076656
13.045632
13.164946
13.130033
13.187031
13.180830
13.164029
13.104164
13.168772
13.117460
13.130388
13.088910
13.103729
13.112191
13.073892
12.731394
12.997853
12.993916
13.162456
13.066287
12.739437
12.847488
12.706551
13.110699
12.728852
12.692690
12.817038
12.882246
13.049979
10.737499
15.921435
16.044565
15.660997
16.108154
16.044389
16.123528
16.122468
16.118743
16.095542
15.514131
16.078237
15.758734
15.553197
15.481052
15.544259
15.696580
15.881744
15.491351
15.636058
15.752038
15.681224
15.673745
15.707206
15.391629
15.447540
15.941190
15.505920
15.625587
15.224767
15.942021
15.366332
15.432342
15.797385
15.704674
15.160783
15.495995
15.496638
15.489880
15.433951
15.418634
15.136012
15.300847
15.442593
15.291497
15.022297
15.109237
15.015936
14.878874
14.863873
14.706957
15.113014
15.009112
14.704087
14.665972
15.208722
14.686386
15.197683
15.442296
15.380685
15.149375
15.120712
14.679446
14.607209
14.543688
16.196759
16.122758
15.904425
16.101693
16.043643
15.844712
15.962948
15.989735
16.036377
15.813971
15.660377
16.056580
15.983908
16.042385
15.878336
16.092844
15.800775
15.515213
15.812283
15.678625
15.805727
15.792197
15.845521
15.893081
15.714674
15.539822
15.207660
14.892192
15.247786
15.290546
14.839371
14.609242
16.313632
16.041286
15.978613
16.030594
15.823065
16.113205
16.021264
15.878379
16.068739
15.925079
15.991230
16.104928
16.069856
15.665873
16.126706
16.062024
16.121372
15.691823
15.975137
15.611979
15.791743
15.797312
15.721814
15.492567
16.103361
15.617023
15.819020
15.457473
15.686782
14.907437
14.832535
14.237129
15.708498
16.071047
16.117428
15.774497
15.978901
15.965727
16.076504
16.097973
16.102188
16.089551
15.964660
15.829492
16.023262
15.872279
15.633817
15.645020
15.479375
15.483355
15.599754
15.594801
15.993818
15.906648
15.846838
15.729263
15.542023
15.796252
15.488923
15.410588
15.235448
15.189349
15.455685
15.226486
13.067276
13.054032
13.093835
13.059910
13.018178
13.094771
13.026808
12.988449
13.082903
12.890135
12.726868
12.665811
12.881769
13.060758
13.079440
12.750349
12.644462
12.744554
12.835881
12.663988
13.052055
12.622241
12.961797
12.796253
12.998210
12.747438
12.549495
12.525598
12.402028
12.666822
12.104700
11.694151
13.387331
13.429312
13.081248
13.167542
13.168009
13.078721
13.176055
13.169338
13.069158
13.148139
13.041110
13.020999
13.122626
12.821712
13.017595
12.976065
12.959196
12.959371
12.871188
13.160584
12.690318
13.100512
12.868067
12.776045
12.852353
12.700808
12.798633
12.694528
12.611542
12.789721
12.538416
12.942899
13.380170
12.779749
13.121824
13.160736
13.005872
13.082484
13.143571
13.108758
13.002835
13.148120
13.163548
13.076758
12.993668
13.092690
13.147850
12.808838
12.840907
13.004069
12.894169
13.109859
13.097847
12.750948
12.876494
13.042320
12.972288
12.770309
12.876387
13.132514
12.704742
12.813911
12.954998
12.938902
13.492531
12.969246
12.911907
13.019436
13.185790
13.150621
13.183450
13.161846
13.173396
13.112468
13.000684
13.108544
13.106472
13.135325
13.141928
13.039172
12.915720
12.862410
12.986953
13.052366
13.002974
12.919550
12.742334
12.904795
12.983014
13.050559
12.845189
12.833239
13.045363
12.747523
12.768670
13.126146
12.990627
13.103102
12.969786
13.122304
12.964778
13.182765
13.000659
13.033989
12.992071
13.183936
13.138925
13.022508
12.988372
13.157303
12.984773
13.164435
13.167387
13.103833
13.177850
12.989909
12.965635
12.960948
13.171682
13.114824
13.013365
13.123446
12.955743
13.148634
13.160214
12.980496
12.950612
12.937089
16.475396
16.167342
16.056492
16.170407
16.132967
16.133969
15.660054
16.044025
15.708092
15.403235
16.128797
16.161419
16.135887
15.710754
15.392264
15.634876
15.886281
16.127121
15.739309
15.678318
15.726690
15.965805
15.376829
16.005225
15.469411
15.353733
15.492414
15.483590
15.460694
15.612353
15.360695
15.315416
16.482952
16.480392
16.086841
16.161839
16.172553
16.130426
16.164791
16.139968
15.997999
16.112793
15.545745
15.801104
15.412003
15.662172
15.597719
15.519182
16.051450
15.847581
15.454317
15.904362
15.642902
15.382521
15.389851
15.569790
16.022396
15.449533
15.480551
15.258549
15.200042
15.223372
15.608185
15.232289
16.349827
16.049150
16.143870
16.122423
16.093975
16.006324
16.127484
16.096663
16.075529
15.837695
15.792803
15.396850
15.634338
16.069179
16.076143
15.348849
15.385497
15.618055
15.714783
15.803078
15.154530
15.352098
15.662493
15.291606
15.097321
15.290934
15.106606
15.234280
15.198490
15.889861
15.737663
14.448179
15.648073
15.456229
15.134841
16.131911
16.125142
16.124509
15.875310
15.834599
15.885700
16.108916
16.120125
16.086055
15.985121
16.070247
16.081656
15.773331
15.671042
15.318079
15.971530
15.292693
15.416890
15.438183
15.429649
15.263913
15.588634
15.303639
15.230761
15.175694
15.020017
15.208438
15.017717
15.160825
16.322410
16.066178
16.127091
16.120435
16.013027
15.921670
16.049715
15.785119
15.564686
15.989873
15.580348
15.698198
15.952868
15.728998
16.126334
15.706031
16.079075
15.620865
15.831356
15.613854
16.115108
15.566692
15.557343
15.545153
15.534761
15.333930
15.423031
15.321557
15.525008
15.663528
15.418871
15.379100
16.112093
16.030681
16.074480
15.913329
16.109563
16.122896
15.355363
16.077300
15.725812
16.117555
16.038864
16.094553
15.328900
15.862115
15.453871
15.590182
16.103876
15.358200
15.349868
15.642757
15.451084
15.889144
15.358499
15.705552
15.296182
15.345178
15.483558
15.174021
15.299489
15.165545
15.303459
15.203461
13.383475
12.993790
13.008401
13.057545
12.976336
12.985935
13.105325
13.180044
13.150131
13.084512
12.973401
13.173592
13.048784
13.112333
13.143381
13.005364
12.989775
13.075373
12.984691
13.158572
13.035877
13.138513
12.984356
13.104719
12.976154
12.939432
13.089752
13.107849
12.898394
13.051648
12.605213
12.272536
15.542541
15.974917
15.949904
15.884660
15.981659
15.973642
15.742990
15.738833
15.237567
15.217696
15.959009
15.623069
15.965949
15.237537
15.382159
15.266948
15.614652
15.908785
15.508424
15.534879
15.364323
15.183191
15.296576
15.170333
15.829634
15.099988
15.201483
15.901551
15.264451
14.829672
14.073416
14.047564
15.996511
15.940409
15.560027
15.891257
15.883497
15.989973
15.935534
15.647413
15.750624
15.930660
15.418043
15.371250
15.320148
15.678588
15.742233
15.565039
15.959827
15.612312
15.430741
15.962158
15.148964
15.950893
15.326736
15.245864
15.243653
15.117452
15.049382
14.853787
14.879076
15.342579
14.035863
14.021230
15.825131
16.081698
16.085473
15.898770
16.103479
16.098992
15.300985
15.629352
15.939409
15.446690
16.059907
15.443307
15.537716
15.363963
15.284601
15.420985
15.174685
15.364585
15.378432
15.139553
15.265750
15.937251
15.688829
14.978445
15.179923
15.484158
15.722885
15.880482
15.865226
15.497333
15.767516
15.360154
15.912198
16.029328
15.996701
15.813047
15.797725
15.768614
15.894827
15.673481
15.974660
15.854286
15.860577
15.904885
15.973950
15.750879
15.640255
15.973294
16.002436
16.013534
15.517769
15.485489
15.776482
16.006831
15.494025
15.977795
15.619087
15.977558
15.624610
15.440650
15.732325
15.096123
15.018127
14.366575
16.122217
16.097717
15.812401
15.699550
15.849203
15.814727
15.799582
15.822646
15.665440
15.574667
15.872263
15.853093
15.637799
15.356194
15.627780
15.789839
15.862807
15.907128
15.611107
15.901301
15.658616
15.821576
15.854158
15.599206
15.349639
15.506650
15.503531
15.852398
15.484393
15.239561
15.255322
14.094849
15.755236
15.509309
16.054389
15.663697
15.924034
15.988011
16.079075
15.988811
15.430041
15.437952
15.594130
15.982796
15.432189
15.695403
15.597962
15.123693
15.068886
16.038682
15.498713
15.367676
15.535157
15.264730
15.112257
15.267519
15.863863
15.617098
15.436246
15.149558
15.557787
15.448520
14.998484
14.488642
13.345815
12.835485
12.990866
13.092769
13.179859
13.135208
13.153362
13.164918
13.163012
13.100229
13.097021
13.073898
12.977601
13.162045
13.167469
13.139657
13.155089
12.932497
12.947727
12.894821
12.906425
12.913649
12.926428
13.109041
12.712742
12.780478
12.706748
12.766835
12.853484
12.918127
13.033461
12.191963
13.498183
13.492439
13.001402
12.946448
13.076238
13.180688
13.136175
13.126285
13.037247
13.168182
13.143083
12.979720
13.155538
13.178990
12.982514
12.989300
13.142039
13.057884
13.038214
13.033944
12.780257
12.936635
13.109558
13.102105
12.998781
12.964745
13.157126
12.987293
12.778407
13.152026
12.881642
12.596765
13.381968
13.176257
13.136318
13.181618
13.127882
13.099206
13.168891
13.159801
13.134209
12.869914
13.173770
13.151460
12.919331
13.088002
13.064993
13.053481
12.961518
12.914213
13.142400
12.907202
12.834829
12.920716
13.035867
12.841238
12.824910
12.940096
12.820137
12.811770
12.803920
12.916363
13.068390
12.586544
