16.064115
15.759050
15.968829
16.018271
16.035483
15.754726
15.766060
15.998697
15.958501
15.921004
15.810060
15.970277
16.110537
16.015227
15.962568
15.679867
15.901746
15.519039
15.525911
15.780435
15.994168
15.464831
15.488608
15.529722
15.120916
15.068305
15.179131
14.883839
14.780497
14.667276
14.449818
14.265132
15.756081
16.028303
16.011536
15.845911
16.016847
16.019965
16.044160
15.820959
16.110558
16.082432
16.000162
16.049753
15.705375
15.876976
16.063079
15.870364
15.784743
16.116199
16.067167
16.096678
15.728565
15.783965
15.706615
15.913541
15.597788
15.292282
15.638578
15.548396
14.883679
14.460387
14.455719
14.677177
15.398829
16.148512
16.124400
16.133831
15.397896
15.958923
16.106980
15.816892
15.620812
15.892594
16.092450
15.888035
16.108443
15.386922
16.012061
15.190657
15.775227
15.600861
15.426893
15.425145
15.286257
15.262897
15.334651
15.328185
15.390266
16.071110
15.912334
15.248754
15.143129
15.019909
15.213189
15.907225
15.817548
15.817031
16.005605
16.065817
16.083943
15.988460
16.003100
15.842505
15.689437
16.137803
15.949246
16.153787
16.100343
15.828772
16.096450
16.089211
15.964013
15.735509
16.134346
15.953630
15.953583
16.140170
16.134632
15.805241
16.115035
15.781570
16.045834
16.015131
15.707354
15.743065
15.933996
15.779233
16.175376
15.574250
15.614439
15.983207
15.964153
15.649344
15.872040
15.690793
15.739199
16.115758
15.866314
15.990570
15.744145
15.998596
16.123771
16.075696
16.012252
15.654365
15.654290
15.733290
16.102357
15.629592
16.072109
15.665934
16.085354
15.831231
15.534095
15.444659
15.907094
16.055786
15.307406
13.828696
15.906215
15.691054
16.018397
15.671061
16.028855
16.113190
16.063405
15.797761
16.048051
15.907795
15.785668
16.096272
15.893450
16.043618
15.649439
15.709303
15.755835
15.714259
16.087204
15.942164
16.083005
15.610810
15.618630
15.746912
15.573836
15.755649
15.737735
15.464388
15.401679
15.393842
14.773935
15.199113
15.714959
16.091718
16.051554
16.070400
16.106715
16.051757
15.452376
16.124222
15.960477
16.061574
15.339934
15.328572
15.818615
15.735420
16.085556
15.712095
15.951924
15.470731
15.491608
15.457282
15.373720
15.310505
15.403327
15.320863
15.423194
15.791856
15.303925
15.304618
15.306136
15.277682
16.005040
14.902924
16.314245
15.306045
16.074183
16.097771
16.067106
16.096553
15.734072
16.121993
16.017578
16.000100
15.877921
15.498529
15.974447
15.196752
15.718805
15.605749
15.433260
15.529877
15.554614
15.555454
15.876805
15.593344
16.090124
15.478777
15.346676
15.308814
15.340158
15.313954
15.003192
15.153520
15.878112
15.309251
14.859900
15.537633
15.522926
15.534758
15.531092
15.238728
14.909310
15.248872
15.181093
14.764227
15.335928
14.997131
14.992024
15.420562
15.459752
15.067581
15.452186
14.733200
15.324347
14.711429
14.897874
15.053860
14.750736
15.425239
15.161295
15.276216
15.134521
14.862460
14.934568
15.460228
15.397892
15.135848
16.052268
16.071037
16.069093
15.919690
15.958819
15.508005
15.874724
15.761093
15.259842
14.955191
15.188709
15.093692
15.278810
15.212905
15.906586
15.616300
15.058323
15.250526
15.289091
15.118515
15.851417
15.886158
15.855958
15.534781
15.113375
15.429721
14.828083
15.445033
14.929393
15.452116
14.452482
13.933492
15.328098
15.826533
15.553894
15.563132
15.488363
15.324611
15.579320
15.242888
15.532089
15.495186
15.284985
15.194167
15.222259
15.095710
14.944196
15.564530
15.423491
15.306765
15.415968
15.288890
15.062312
15.177278
14.914826
14.927620
15.471662
15.027247
15.363532
15.506651
15.423050
15.185219
15.329109
14.974946
16.054070
15.831499
16.032790
15.885805
15.486258
15.931354
15.458516
15.605529
15.473542
15.988342
15.623155
16.015009
15.756272
16.038281
16.070245
15.569160
15.735082
15.921541
15.845298
15.874227
15.853760
15.773062
15.874227
15.675308
15.213567
15.410213
14.991300
15.426173
15.014168
15.243105
14.757299
14.501180
16.485397
16.216456
15.632020
16.062598
15.881089
16.080422
16.157727
16.139060
16.155208
15.872780
16.101121
16.020931
15.743708
16.029345
15.691633
15.980977
15.722141
15.971557
15.661661
15.607884
16.042096
16.072164
15.640869
16.121765
15.587030
15.710123
15.404919
15.618778
15.469286
15.508350
15.765810
15.481346
13.338047
13.178351
13.182152
13.155066
13.129002
13.176884
13.152567
13.053875
13.162242
12.981863
13.173486
12.825640
12.821688
13.112402
12.986633
13.113205
13.157698
12.975779
12.890454
12.988514
13.051754
12.986400
12.962863
13.134912
13.019764
12.852995
12.873539
13.023872
12.720295
12.853086
12.783622
12.714239
13.228575
13.119636
13.124615
13.129554
13.114854
13.138513
13.130577
13.127844
13.174663
13.101215
13.102661
13.099184
13.105848
13.206257
13.144307
13.126810
13.191169
13.208863
13.148683
13.180878
13.202648
13.152384
13.187144
13.129425
13.202753
13.125360
13.153248
13.135267
13.134859
13.079970
13.168138
13.148681
13.384680
12.915125
12.863123
13.172204
13.146047
13.138655
12.957730
13.088093
13.113983
12.933947
13.106748
13.157209
13.086858
12.998295
12.915392
12.931781
13.124105
12.996915
13.136401
13.142002
12.913040
12.911703
13.086369
12.821164
13.141658
12.893886
12.715864
12.789165
12.708521
12.905245
13.036302
12.937845
12.983998
13.165774
13.155208
13.142280
13.010800
12.998147
13.175939
12.982800
13.027246
12.992312
12.988810
12.989186
12.998128
13.091014
13.160240
13.150310
13.141175
13.118195
12.985669
13.162241
12.964852
13.158493
12.986237
13.035042
12.989908
13.151009
13.072440
12.935381
13.087308
13.126695
12.969235
11.296757
16.380847
16.359279
15.946803
15.999517
15.970707
15.960500
16.035887
16.041604
15.890480
15.909415
15.969145
16.093384
16.063636
15.955554
16.133294
16.029938
16.036423
15.966118
16.104080
15.956970
15.899865
15.872068
15.888726
15.853399
16.022244
16.071986
15.923100
15.821659
15.452114
15.391248
15.139896
15.069069
15.984323
15.837659
16.067516
16.187234
16.053742
16.185360
16.047304
16.125284
15.881453
15.879121
16.103007
15.807144
16.055975
16.139742
16.115961
16.095535
15.775882
15.965972
16.135298
15.799858
15.951036
15.759181
16.156901
16.041811
15.805314
15.769411
15.812326
16.151298
15.770133
16.081776
15.776740
15.951203
16.325729
15.822563
16.073251
15.921731
15.800632
16.014175
16.096825
16.076642
15.749968
15.977969
15.797370
15.811838
15.763584
15.729053
15.977204
15.868555
15.728253
15.743834
15.924295
15.906876
16.103638
15.984715
16.078417
15.719090
15.740997
15.858803
15.820937
16.080215
15.847155
15.886740
15.592796
14.413400
15.280903
14.837728
14.793247
15.549364
15.539108
15.537353
15.466820
15.453595
15.507793
15.538320
15.536457
14.937824
15.253937
15.328567
15.077168
15.335465
14.908267
14.771228
14.870125
14.800573
14.803030
14.928768
14.926280
14.882324
15.183405
14.875312
14.653530
14.751797
15.283162
15.281472
14.569798
12.763982
15.624007
15.776703
16.100600
16.133500
16.060901
15.935546
15.272226
16.003671
15.802203
15.634125
16.111741
16.113981
15.586792
15.368198
15.522024
15.594731
16.030349
15.631651
15.579279
16.085349
15.508016
15.644433
15.894468
15.489084
15.488892
15.770601
15.232786
15.341257
15.207357
15.274343
15.612953
15.658685
15.703035
16.089046
16.127763
16.132827
16.068636
16.052894
16.066437
16.149761
16.029634
16.144203
15.883024
15.833447
16.141690
15.453787
16.016288
16.050742
15.312017
16.057486
15.425270
15.315191
15.860735
15.748884
15.378631
15.517715
15.270636
15.470042
15.260848
16.103222
15.312990
15.403633
15.491701
15.273247
13.442988
13.346157
12.832179
13.191653
13.155269
12.898234
13.185038
13.127051
13.079178
13.174689
12.879868
13.064710
13.175768
13.138133
13.013601
12.922829
13.135862
13.013588
13.116224
12.870081
12.876075
13.159615
12.911544
13.093460
12.886817
12.767006
12.982128
12.847280
13.124818
12.876821
12.784783
12.220145
16.124133
15.754313
16.033521
15.908674
16.130119
15.893484
15.975315
16.125854
15.905469
15.593935
16.118247
16.067055
16.122092
16.073843
15.970600
16.094089
16.000490
15.647093
15.872212
15.893958
15.565733
15.975791
15.676007
15.881672
15.687233
15.981157
15.600801
15.791326
15.614263
15.483573
15.583601
14.446984
16.420968
16.063619
16.035110
15.919551
16.085815
15.896298
16.103651
16.105178
16.075661
16.059004
15.947629
16.009177
16.011204
15.117935
16.057173
15.400800
15.819981
15.422903
15.276754
15.272265
15.671077
15.127408
15.280077
15.738519
15.428223
15.367832
15.242583
15.498857
15.220617
16.020618
15.009350
14.756384
15.623162
15.791505
15.602243
15.891454
15.940975
15.785790
15.775464
15.957686
15.934823
15.858172
15.994596
15.814036
15.709082
15.979362
15.538721
15.926173
15.968243
15.507647
15.829362
15.577182
15.749001
15.805101
15.766967
15.710750
15.593672
15.351250
15.533764
15.366238
15.516442
15.375680
15.263886
15.224348
16.110469
16.008529
16.039354
16.124048
16.024372
16.106254
15.784515
15.997455
15.772761
15.516939
15.726229
15.636515
15.892535
16.091687
15.859001
15.673232
15.984232
15.864416
15.623151
16.074018
16.088187
16.026868
15.462032
15.407166
15.464504
15.307974
15.893640
15.606927
15.513745
15.131238
15.089479
14.806743
15.784234
16.061492
16.131288
16.114838
16.062251
15.922740
15.725347
16.063008
16.037180
15.911258
16.124821
16.113581
15.893502
16.068578
15.778841
15.779859
15.569008
15.733897
15.881615
15.525232
15.697877
16.080221
15.769669
15.970240
15.895208
15.484602
15.408084
15.508669
15.118233
14.667546
14.239923
14.277279
13.379756
12.790478
13.075877
13.145308
12.938586
12.941102
13.147803
13.082139
13.126500
12.843602
13.076274
12.993044
12.882984
13.155556
13.160239
12.917541
12.995730
12.843554
13.149511
12.877143
12.838652
12.830258
12.728067
12.817084
12.991645
13.084455
12.706402
13.028790
12.930395
12.931392
12.797892
11.231302
13.285874
13.233495
13.181123
12.980662
12.982359
13.193303
13.192087
13.004945
13.159621
12.999239
12.968957
13.006531
12.991609
13.177385
13.009939
12.998682
12.981212
12.986060
13.169808
13.066126
13.095402
13.170204
13.017331
12.973429
12.956115
13.136264
12.957092
13.107922
13.112497
13.141225
13.112587
13.016746
13.035312
12.973022
13.112878
13.160933
13.001851
13.137235
13.167243
13.127959
13.103401
13.147165
13.160516
13.034163
13.127352
13.157022
12.993121
13.015548
12.976950
12.959031
12.838301
12.891384
12.831113
12.895576
12.740664
13.088172
12.877029
12.723477
12.727322
13.134341
12.812543
12.753152
12.712203
12.709849
15.297379
16.130894
16.133203
16.060588
16.123241
16.101448
15.754767
15.540908
15.984967
16.033607
16.094986
15.868169
15.571923
15.859075
15.547376
15.851390
15.990665
15.499744
15.704313
15.460263
15.244530
15.397503
15.390822
15.177289
15.219151
15.234141
15.187385
15.065447
15.123865
14.834985
14.107026
13.047455
15.740610
16.013997
16.123213
16.094490
16.135843
15.824564
16.077460
16.060842
15.734723
16.124553
15.923694
15.569992
16.124567
15.768154
15.800428
15.970481
15.865267
15.399593
16.105615
15.833415
15.586001
15.598317
15.561432
15.558278
16.101815
15.597434
15.394060
15.773463
15.528490
15.817266
15.386891
16.021778
16.089786
16.020678
15.449334
15.546582
15.565432
16.110532
16.010639
16.088774
15.754796
15.793227
15.912149
16.106412
16.104267
15.869751
16.105914
16.093815
15.386413
15.662515
15.314516
15.328238
15.411562
15.549365
15.279388
15.383082
15.465297
15.303061
15.500066
15.272549
15.397534
15.901196
15.652702
14.820276
16.350042
15.732226
16.087516
15.934283
16.041666
15.699937
16.095448
16.129327
15.925167
15.932577
16.018088
15.940779
16.122284
15.935990
15.949731
15.972473
15.991253
16.091771
15.792264
15.783656
15.916158
15.664643
16.050220
15.914082
15.457620
15.747691
16.003654
16.085593
15.432213
15.816478
15.821068
15.637305
15.035439
15.025206
15.532216
15.528980
15.410446
15.489001
15.471238
15.274668
15.377035
15.421633
15.440627
15.029231
15.390277
15.498555
15.368369
15.254976
15.465024
15.162280
15.174701
15.349944
14.863866
15.504580
15.187488
15.353357
15.015462
15.017140
15.451517
15.150117
15.218872
15.226645
14.964263
14.642861
16.092033
16.146435
16.109635
15.895777
15.867012
16.138123
15.678516
16.057025
16.080834
16.146250
16.144617
15.729339
16.092411
15.937634
15.931220
16.105437
16.136798
16.025664
15.896598
15.915561
15.643791
16.033011
15.816938
15.824699
15.678632
15.621659
15.678527
15.610703
15.690494
16.082466
16.055442
15.545728
13.011485
13.070232
13.114067
13.126306
13.186533
13.170754
13.077793
13.070433
13.169726
13.186528
13.182259
13.088246
12.981712
12.958300
13.083498
13.149304
12.960897
13.084264
13.135361
13.104660
13.054540
13.058460
12.943225
12.958821
12.942283
12.970262
13.113629
13.019981
13.090913
13.035355
12.234143
12.111535
