13.036472
13.035816
12.966763
12.990335
12.963167
12.962743
12.945682
12.977587
12.951963
12.945956
13.106628
12.951956
13.065989
12.966090
13.069398
13.006658
12.958603
13.043761
13.084388
12.998389
13.052902
13.076389
13.088884
13.098400
13.019172
13.029361
13.053904
12.794071
12.786966
12.939924
13.028125
13.052857
13.152187
13.121109
12.945433
13.165311
13.143212
13.162190
13.105525
13.129928
13.092589
12.935232
12.938670
12.919892
13.159959
13.006280
12.791309
12.786331
12.937469
12.790131
12.800382
13.059132
13.114106
12.785595
12.960439
12.890904
12.946920
12.934548
12.957060
12.715983
12.568969
12.670800
12.501299
12.285727
13.019672
12.994202
13.180632
12.987311
12.978466
13.145457
13.003934
12.997722
12.990320
13.123836
13.190707
13.115642
13.017162
13.002690
13.176809
12.992528
13.131022
13.002084
13.099922
13.121403
13.015673
13.004721
12.951918
12.932957
12.991221
12.790084
12.778747
12.662174
12.594819
12.272629
12.162167
11.305390
12.705216
13.124646
13.089708
13.148050
13.172935
13.003838
13.173100
13.150941
13.167088
12.745566
13.178568
13.163910
13.119027
13.169623
12.889337
13.166670
12.904863
12.866808
13.105046
12.993700
12.876189
13.071554
13.074743
12.870353
12.980940
12.910589
12.911229
12.849378
12.714874
12.705064
12.807123
12.642221
13.145291
12.922297
13.177825
13.052705
13.173367
13.165016
13.182041
13.120523
13.133962
13.086813
12.872222
13.117230
13.178747
12.871067
13.144786
13.150884
12.882795
12.876584
12.862170
12.967466
12.955044
12.852431
12.861418
12.843664
12.958597
12.897775
12.926968
13.148840
13.065262
13.097452
12.341206
11.398138
13.321719
13.324312
13.243913
13.103898
13.120265
12.993966
12.993216
13.170284
13.090110
12.879238
13.152629
12.975052
12.888149
12.981253
13.016434
13.159618
12.994219
12.984842
13.149443
12.961752
12.963827
12.806526
12.801351
12.746787
13.093719
12.991710
13.089277
12.771590
13.020077
12.521277
12.191828
11.117542
16.093454
15.625263
15.311174
15.979007
16.079893
16.051660
15.969745
15.981609
15.455249
15.739655
16.077145
15.464391
16.062110
15.885768
15.993388
15.396743
15.928891
15.415361
15.306830
15.646571
15.213238
15.799311
15.212796
15.313210
15.233720
15.201219
15.271926
15.292981
15.359729
15.893507
15.774430
14.589748
15.396680
15.530161
15.553667
15.560475
15.455427
15.540923
15.539236
15.203958
14.949851
15.536513
15.241318
15.021642
15.134454
14.725177
15.310327
15.037312
14.975940
15.040525
14.767090
15.431886
14.760300
14.641080
14.673088
14.736679
14.700763
14.910759
14.964923
14.817905
15.312590
14.895141
13.856000
13.200974
16.105959
16.113609
16.121526
16.085345
16.119206
15.860035
16.010310
16.110212
15.977661
15.552638
15.299967
15.701624
16.009965
15.964783
15.544634
15.395449
15.621924
15.736651
15.799852
15.397394
15.402470
15.829894
15.622133
15.611147
15.489684
15.652321
15.182464
15.221395
15.237261
15.469513
15.504828
15.180841
16.317149
15.384483
15.946651
16.145712
16.073598
16.107123
16.141429
16.085932
15.852280
16.081451
15.930925
15.668327
16.125807
16.063109
15.635028
16.117111
15.346468
15.482550
15.426683
15.495358
15.444724
15.462142
15.493014
15.814490
15.283173
15.341300
15.225670
15.280075
15.400423
15.098484
15.232884
15.209903
15.048744
14.589834
14.582750
15.486664
15.396106
15.451528
15.450900
15.478679
15.376926
15.459133
15.440001
15.475607
15.314240
15.253182
15.082148
15.070433
14.946438
14.933585
14.834337
14.604055
14.652326
14.727750
14.649761
14.426166
14.493602
15.048234
14.687873
14.803282
14.551680
14.882229
14.710892
13.796566
12.866322
12.817101
12.973645
13.152035
12.893147
13.132384
13.120839
13.144135
13.151608
13.080475
13.105301
12.896335
13.065781
13.049848
12.960607
12.889573
13.152965
12.823616
12.803759
12.736350
13.062863
13.131068
12.919293
12.638813
13.045518
12.581520
12.941337
12.754856
12.789029
12.324667
12.259393
12.048147
12.952939
12.865095
13.089635
13.131382
13.139996
13.022097
12.847877
13.123349
13.173642
13.020702
12.939814
13.144585
13.175653
12.858548
13.147860
12.855228
12.863491
13.172099
12.846094
12.852893
12.932466
13.139048
13.149578
13.073245
12.853847
12.881472
12.992677
12.854168
12.888161
13.055469
12.749868
12.753626
13.309839
12.963050
12.809107
13.182696
13.112240
13.115895
12.975915
12.940743
12.954359
13.164569
13.084695
13.147017
13.148517
13.043518
13.159197
13.149371
12.941105
12.974669
12.854484
12.861978
12.957016
12.805467
13.050158
12.854334
13.064888
12.750946
13.111524
12.853674
12.788088
13.096807
12.555886
12.220912
13.070678
13.071229
13.086609
12.919342
13.098885
13.098232
13.025399
13.019629
13.161157
13.175246
12.992869
13.145751
13.134425
13.130456
13.157699
13.072906
13.177343
13.068701
12.918832
12.904902
13.173568
12.998303
12.912453
13.060793
13.174137
12.941493
12.916922
12.953193
12.920036
12.909136
12.867712
12.974660
13.333537
13.013984
13.024812
12.995220
13.102986
13.022684
12.987872
12.989180
13.095064
13.004640
13.099983
13.003915
12.987810
13.118756
12.987730
12.968937
12.962280
13.071196
13.121709
13.114521
13.123621
12.987168
13.103151
12.982407
13.008321
13.034598
12.993228
13.005454
13.086288
13.104789
12.821169
12.720428
16.454764
16.413584
15.793814
15.892778
15.758482
16.110718
16.156716
15.935816
16.063001
15.975094
15.956615
15.968356
16.096474
15.901466
16.147105
16.138732
16.074589
15.644573
16.071137
15.978077
15.949480
15.604595
15.716742
15.991927
15.900492
15.852708
15.711436
15.862830
15.588573
15.682796
15.587381
15.057115
16.310926
15.951652
16.131195
16.110931
16.114294
16.121148
16.138949
15.652163
16.137848
15.478831
16.057290
15.372513
15.507711
15.487899
15.935180
16.060733
15.772028
15.435361
15.369967
15.509470
15.376800
15.758977
15.530464
15.450672
15.361668
15.355410
15.557481
15.497143
15.615154
15.479357
16.015545
15.856898
15.693510
15.684585
16.127916
15.952220
15.976455
16.010157
16.023278
15.736369
16.096330
15.679380
16.148440
15.854800
16.140744
15.879438
16.035767
15.868115
15.679233
15.920056
16.030616
16.117501
16.085371
16.131759
15.888748
16.142498
16.074097
15.644284
15.707465
15.687284
15.609380
16.064527
15.471628
15.549922
16.178893
15.772751
16.019604
16.039579
16.153410
16.113902
16.139362
16.105471
16.127822
16.025212
15.874818
16.134930
15.889732
16.087330
16.117561
15.462069
15.389034
15.373899
15.097419
15.738001
15.486094
15.851106
15.372818
15.583652
15.100648
15.229686
15.589769
15.244642
14.990087
15.214373
15.125832
15.484409
15.445329
15.489289
15.520969
15.497980
15.487918
15.423585
15.332216
15.510019
15.495218
15.462298
15.447533
15.468765
15.244733
15.303092
14.970909
15.316308
15.244142
15.495506
14.921992
15.108532
15.090788
14.962010
15.040047
14.929758
15.027707
15.239937
15.289330
14.492580
14.626062
14.376802
14.731959
14.091644
16.083234
15.967935
16.025922
15.833107
15.838658
15.943605
16.107921
15.950825
15.990397
16.013311
15.690538
15.669367
15.534039
16.105263
15.402670
15.930474
15.801722
15.530184
15.383904
16.039381
15.461093
16.039128
16.028323
15.454593
15.274562
15.568253
15.863470
15.698277
15.632976
15.575156
15.591722
13.587338
16.302702
15.861939
16.129086
15.994579
15.875850
16.138145
15.957988
16.135074
16.057687
15.876816
15.553608
16.125172
15.963894
15.939005
15.803455
15.729844
16.032361
16.039210
15.561809
15.639546
15.799367
15.768666
15.567260
15.539168
15.947663
15.687465
15.872446
15.883394
15.527866
15.345565
15.558296
15.494501
15.730606
15.315984
15.233545
15.389465
15.221568
15.369105
15.456100
15.349605
15.397507
15.532938
15.419059
15.457609
15.333623
15.349070
15.536703
15.356973
15.347536
15.394600
15.196109
15.458095
15.523338
15.106334
15.310876
15.321750
15.155942
15.167774
15.417132
15.236313
15.207840
15.029752
14.701904
14.027465
15.952124
15.486670
15.865283
16.052429
15.723567
16.020382
15.491976
15.449174
16.072136
16.090566
15.933876
15.426184
15.312221
15.409407
15.326607
16.081608
15.307536
15.808349
15.316928
15.365296
15.312068
15.857885
15.283557
15.392629
16.021027
15.685274
15.321628
15.358092
14.632365
15.188929
14.564085
13.762956
16.312919
15.700881
15.699696
15.732816
16.151993
15.855822
15.835653
15.682843
15.677797
15.973850
15.949494
16.139547
16.032840
16.046317
15.761267
15.850853
15.793427
15.781997
16.121542
16.007550
15.956752
16.105371
15.661542
15.815885
16.081092
15.898654
15.843486
15.719429
15.479218
15.400403
15.416242
14.946687
16.314472
16.089893
15.862328
15.851716
16.078196
16.130815
15.943880
15.962487
15.868476
16.069260
16.126476
16.079277
15.886774
15.880972
16.063790
16.004829
16.125021
15.841867
15.917679
15.855647
15.985320
15.867260
15.842374
15.868728
16.038974
15.604135
15.593626
15.846208
15.363367
15.196505
15.202539
15.248139
13.394879
12.860727
12.960725
12.935085
12.932999
13.130133
13.169495
13.125291
13.104380
13.171742
13.146697
13.054383
13.171928
12.970193
12.972894
13.122665
13.137360
13.168019
13.101977
12.929525
12.933570
12.912328
12.922619
13.055019
13.135314
12.920423
13.134613
12.932214
13.141722
13.030984
13.076008
12.788232
13.149359
12.847281
13.071628
13.105044
13.134064
13.079234
12.983647
12.928697
12.976345
13.150793
12.826153
13.114207
13.120638
12.839453
12.912573
13.160449
12.695203
12.826542
12.729210
13.093115
12.762888
12.701853
12.910485
13.060878
12.747161
12.683669
13.063939
13.034520
12.772688
12.601241
12.193122
11.427087
12.919556
12.890396
13.145590
13.051872
13.106169
13.095451
13.183734
13.150429
13.042646
13.128809
13.044093
13.037673
13.083813
13.060280
13.169062
13.120326
12.935311
13.129639
12.864441
13.172049
12.935866
13.026979
13.151978
13.113279
12.934470
12.741646
12.742143
12.909150
12.744183
13.130976
13.155980
12.436839
13.380418
13.136162
13.123666
13.151805
13.071171
13.171164
13.007032
12.948766
13.065081
13.148778
13.158405
13.131584
12.841498
12.939069
12.997124
12.702996
12.988054
12.934298
13.149753
13.060301
12.838427
13.002293
12.842157
12.924606
13.004887
12.769057
12.685292
12.688046
12.753870
13.087981
12.724023
12.969754
12.850595
13.162743
13.074421
13.179446
13.126511
13.122768
12.904667
13.130499
13.178440
13.141771
13.151798
13.100416
13.012743
13.103089
12.917948
13.160474
13.167158
13.163212
12.926679
12.865983
13.005324
13.024414
12.829554
13.001044
12.920981
12.858141
13.076228
12.740578
12.813069
12.731036
12.711217
12.813161
14.662763
14.512756
15.453560
15.506668
15.484047
15.467342
15.516779
15.497213
15.463455
15.509213
15.423528
14.511627
15.280730
15.368117
15.361892
15.244647
15.297495
15.098595
14.958586
15.467516
15.088935
14.820068
14.597144
14.709252
14.825078
14.937986
14.613371
14.265247
14.688856
14.314349
14.638938
14.705391
16.058782
16.054372
16.017583
15.948917
16.011938
15.829877
16.142595
15.964793
15.833169
15.666637
16.086965
16.044454
15.948021
16.055778
15.658435
15.933540
16.080415
16.125574
15.941794
15.560241
16.101231
15.792048
15.953129
15.563825
15.881911
15.902297
15.901461
15.826091
15.846224
14.764449
14.498604
13.772181
15.509110
16.155851
16.156328
16.145656
16.149158
16.088062
15.841105
16.107606
16.105714
15.593646
15.973953
16.129519
16.034887
16.018343
15.867381
15.494480
15.919514
15.488475
15.457762
16.110998
15.649325
15.391182
15.444004
15.151023
15.144835
15.384302
15.713131
14.992791
15.284620
14.985246
15.268272
14.946550
16.283862
15.936065
15.966042
15.975057
16.156294
16.151785
16.101504
16.090453
16.057980
16.057923
15.971646
15.555205
16.119386
15.709492
16.144432
16.042152
15.879929
15.661880
16.034120
15.556176
16.084121
15.728541
15.553288
15.864018
15.664716
15.849269
15.717242
15.903123
15.590360
15.517470
15.611234
15.674931
15.419997
16.078197
15.475075
16.098674
16.079085
15.678880
15.978357
15.382553
16.083271
16.073491
15.399594
15.055267
15.609415
15.517838
15.777550
16.030469
14.855597
15.236326
15.172181
15.189191
15.904273
15.760304
15.190076
15.229076
15.196348
15.024035
15.854507
15.483049
15.381645
15.354673
14.201488
13.620261
13.381461
13.163437
13.114833
13.137356
13.126869
13.167860
13.073829
13.121040
12.977869
12.782695
12.981984
13.093727
13.054550
12.781724
12.898915
12.771032
12.765523
13.080921
12.896518
12.839961
12.766396
12.869060
12.934103
13.130473
12.810991
12.780077
13.113368
13.087570
12.870281
12.899976
12.488802
12.627313
