12.940829
12.932375
12.989087
12.942548
12.959477
12.917718
12.953832
12.973984
12.923377
12.925496
12.934320
12.932393
12.941527
13.042053
12.942556
13.062983
12.938019
12.960020
12.960378
13.056733
12.946436
12.944471
12.990283
12.912369
12.998815
12.996493
13.019600
13.131390
12.997562
12.834873
12.838272
12.070186
13.269192
13.413522
13.153180
13.167742
13.133087
13.161205
13.128011
13.111351
13.133300
12.834040
13.033639
12.841893
13.026460
12.758727
12.980149
13.092148
13.005251
12.799681
12.962833
12.980758
12.913433
12.711520
12.922757
12.701528
12.803813
12.733047
12.683435
12.722713
12.973305
12.746426
12.268272
11.965075
12.835082
13.118940
13.189966
12.978556
13.134434
13.172177
13.129122
13.097377
13.134363
13.177471
12.978413
13.172722
13.181656
13.157891
13.085212
13.147044
13.144028
13.071311
12.906212
13.138539
13.057166
13.168632
12.914260
12.797135
12.909798
12.796931
12.964192
12.786048
12.786124
12.733112
12.802848
13.139706
13.296461
12.977234
12.803664
13.041567
13.063367
13.120325
13.007543
13.008502
13.089690
13.035619
13.107407
12.887160
13.111048
13.091878
12.820852
12.891140
12.772520
12.763897
12.759369
12.760070
12.750695
13.081112
12.804631
12.760871
12.764027
12.856360
13.070166
13.056565
13.009373
12.886786
12.821848
12.060049
13.101323
13.008441
12.970292
13.061094
13.135385
13.178111
12.940748
13.139997
12.978790
12.959120
12.993649
13.043591
13.150759
13.051092
13.113299
12.980391
13.162710
13.111991
13.009282
12.965341
12.968703
12.932989
13.161933
12.980025
12.952601
13.138697
12.933819
12.950098
13.145570
12.920451
13.143415
13.057267
13.175026
13.166964
13.164701
13.174938
13.061192
13.090517
13.115357
13.151072
13.137863
13.115748
13.089357
12.768999
12.753543
13.116915
13.022875
12.939994
12.864833
12.932567
13.130598
13.158523
12.853514
13.148119
12.854175
12.762436
12.839956
12.737021
12.980412
12.759743
12.983462
13.074548
12.729284
11.474737
16.097088
15.935224
16.151891
16.100184
15.947414
16.143338
15.808303
15.947717
15.901109
16.108247
16.060676
16.137254
15.904380
16.124652
15.556357
15.764656
16.092969
16.045692
16.054931
16.064192
15.531351
15.749598
15.767369
15.611944
16.065866
16.040365
15.642534
15.588351
15.555254
16.022397
16.029910
15.880201
15.894479
15.863913
15.634204
15.775344
16.062432
15.786656
15.993962
15.997562
16.069066
15.998197
16.095261
16.022074
16.092460
16.063001
15.866728
15.916203
15.612322
15.918830
15.861692
15.768733
15.878287
16.016602
16.100610
16.097015
15.593230
15.627320
15.741581
16.080784
16.077315
15.168340
14.821349
13.967154
15.958326
15.954651
15.899688
15.890297
15.717280
16.084997
15.706291
15.971215
16.107903
15.488323
15.919199
16.055538
16.050846
16.105170
15.766388
16.103113
15.982406
15.937878
16.065027
15.756576
16.005887
15.618601
15.653206
15.688645
16.088353
15.464431
15.432283
15.604384
15.431895
15.665946
15.294407
15.398420
15.979896
16.421127
15.987873
16.071903
16.113703
15.768944
16.116742
15.984408
15.980486
15.975407
16.009158
16.063255
16.026910
15.822685
16.141293
16.111970
16.148020
16.053189
15.998364
15.843175
16.087808
16.132621
15.792472
15.955042
15.531388
16.119455
16.132495
15.544617
15.694469
15.818322
15.680636
15.516791
16.231340
15.269584
16.116933
16.105416
16.078579
15.931184
15.394774
15.390359
16.011995
15.911200
16.057905
15.505714
16.069618
15.510197
15.969128
15.504799
15.469610
15.452214
15.443358
15.235599
15.667670
15.195444
15.382962
15.199010
15.761534
15.111422
15.147962
15.212608
15.738924
15.356036
15.884178
14.834884
15.809005
15.700512
16.140458
16.061630
16.135399
16.106963
16.096604
15.334239
16.061393
16.124374
16.010787
15.646843
15.348514
15.617558
16.030848
15.492551
15.706723
15.340711
15.367512
15.422688
15.872858
15.459896
15.929041
15.406316
15.670645
15.433946
15.635136
15.601843
15.684563
15.481326
15.281308
14.447980
16.339744
16.265887
16.367138
15.960689
16.124336
15.949992
15.981601
15.795468
15.795895
15.568220
16.101169
15.327134
15.770305
16.091994
15.921105
16.032336
15.814271
16.067244
15.506945
15.628514
15.624247
15.571916
15.799205
15.796699
15.581628
15.193450
14.777394
14.913764
14.626034
14.832803
15.062669
14.676328
15.553398
16.146769
16.109424
16.104359
16.141025
15.945704
16.123969
16.109286
16.099290
16.064927
15.631395
16.018952
15.844513
15.745347
15.157629
15.609666
15.760312
15.326095
15.188656
15.150428
15.172199
15.038260
15.417849
15.293125
15.084294
15.176412
14.946419
15.385317
15.861181
15.847166
14.925566
15.472833
15.031879
15.485527
15.470646
15.474756
15.476830
15.086464
14.753861
15.011664
15.461124
14.889526
15.011622
15.127951
15.317007
15.158342
15.194957
14.847931
15.421368
15.198169
15.206281
14.763910
14.970482
15.370331
15.070341
14.857104
14.601093
14.660329
14.581493
14.543527
15.167893
15.075006
14.895861
14.900133
15.701950
15.239096
15.247799
15.446735
15.233874
15.491337
15.408049
15.488580
15.478248
15.207792
15.303149
15.438802
15.445566
15.444608
15.209825
15.380682
15.447977
15.289395
15.440377
15.199923
15.208276
15.403094
15.487453
15.214296
15.222909
15.438646
15.289460
15.188651
15.165708
15.179931
14.738833
13.070568
16.154092
15.957798
15.787381
15.915054
15.713651
15.825265
15.906283
15.290673
15.072774
15.933347
15.656498
15.733903
15.213628
15.887743
15.211542
15.830151
15.273126
15.518801
15.241790
15.108175
15.382221
15.306187
15.071800
15.090286
15.077226
14.995149
15.720474
15.250608
15.153142
14.881941
14.740536
13.978275
16.120061
16.019020
16.058879
16.093439
15.868548
15.982585
16.056045
15.853659
16.023391
16.011538
15.817783
16.068942
15.539243
15.785302
15.643692
15.757101
16.024869
16.077911
15.923689
15.515110
15.742136
15.912592
15.827592
15.339786
16.056631
15.332504
15.552750
15.509898
15.570187
15.462730
14.850426
15.009173
13.484399
13.434469
13.254250
12.930691
12.867757
13.004005
13.158064
13.128648
13.175914
13.136158
13.170531
13.167797
13.132798
13.134408
13.071087
12.964361
12.923838
12.974530
13.076062
13.113008
12.946687
13.142417
13.057515
12.911648
13.068791
12.812524
12.980077
12.789798
12.809028
12.720651
12.669062
12.543992
13.382586
12.882061
13.110029
13.186388
13.151231
13.161407
13.106462
13.169569
13.116035
13.083790
12.924001
12.926119
12.899397
13.118913
13.127199
13.018621
13.070998
12.906426
12.997365
12.821437
13.165700
13.154616
13.129001
12.870437
12.712704
13.154374
12.699107
12.690813
13.012361
12.983447
12.337461
12.566317
13.401509
13.162588
13.170560
12.985348
13.060129
13.147732
13.161825
13.172156
13.044908
13.123092
13.123586
13.057229
13.142184
12.978939
12.914176
13.040324
12.742825
12.659703
12.960052
12.817283
12.903200
13.155654
12.804051
12.733794
13.104982
13.123955
13.075340
12.710727
12.787522
12.495554
12.572165
12.631131
13.498267
12.923504
12.861461
13.158983
13.184129
13.177832
13.131900
13.157986
13.143987
13.178377
13.102184
13.094008
13.062347
13.066867
13.009364
13.096505
12.959269
13.065564
12.912954
12.935110
12.833330
13.127211
12.928845
12.909562
12.813166
12.836480
12.826782
12.976623
12.956129
12.730310
12.955985
11.523918
16.071149
16.116281
15.952495
16.061406
16.049895
16.071482
16.093582
15.368557
15.860751
16.110193
15.422414
16.108468
15.469157
15.953826
16.047266
15.675196
15.202158
15.317199
15.454707
15.813342
15.363088
15.337249
15.428565
15.402680
15.723288
15.004943
15.145721
15.190694
15.225612
15.539204
14.878514
14.511516
15.669523
15.377190
15.480747
15.453097
15.427491
15.475035
15.474339
15.465661
14.910613
15.307737
15.027912
14.672285
14.849175
14.898765
15.148708
15.340915
15.042396
15.147355
14.809783
14.673155
14.782090
15.083477
14.805362
14.795364
14.496684
14.521959
14.643104
15.349297
14.599753
14.941939
13.636296
13.675759
15.847766
15.784629
15.966256
16.124592
15.801505
16.118335
16.158306
15.791601
16.118726
16.152942
15.806572
15.654834
16.082650
15.761385
15.778147
16.092142
15.719583
15.741160
15.786277
15.850312
16.136292
15.634440
16.139190
15.946043
15.736728
15.894706
15.658753
15.728670
15.826237
16.115381
15.744902
15.614812
15.792613
16.143757
15.818319
16.101015
15.640938
16.096527
15.776238
16.142987
15.989936
16.056881
16.131408
15.994615
15.630297
16.012316
15.929311
16.012982
15.819617
16.061783
15.579058
15.953804
15.675970
15.661965
15.604997
16.107342
16.116454
15.628020
15.795445
15.903845
15.575270
15.536855
15.974574
13.631576
16.351898
15.594406
16.410119
16.387000
16.102633
16.144103
16.101641
15.935639
15.548552
16.088863
15.905609
15.739817
15.866641
16.107419
15.608557
15.549572
15.721838
15.542943
15.412706
15.428022
15.072785
15.251654
15.418296
14.974638
15.291075
15.162596
15.620389
15.113624
14.957323
15.151700
15.160406
14.358854
13.292846
13.071099
13.134991
13.141238
13.172136
13.137519
13.116853
13.152610
13.080222
12.977003
13.055527
13.106855
13.160507
13.147941
12.967967
12.969298
13.131029
12.960292
13.150760
12.987599
13.089303
12.862025
13.147342
12.848215
12.941990
12.735015
12.957530
12.828536
12.717296
12.928130
12.795800
12.533318
13.487123
13.488585
13.458425
13.300138
12.849006
13.088413
13.180833
13.128459
13.136281
13.148074
12.898154
13.035132
13.128300
13.164039
13.010427
12.820962
13.160957
13.025438
12.741019
13.095903
12.978071
13.070879
13.073008
12.972942
12.984590
12.950502
12.795769
12.686586
12.817724
12.823206
13.015173
12.560635
15.771009
15.728682
15.202543
15.447189
15.544840
15.186676
15.519390
15.370948
15.450077
15.480032
15.513892
15.304766
15.449571
15.438857
15.187639
15.182213
15.343823
15.466355
15.177773
15.144139
15.295016
15.318039
15.509497
15.155981
15.211156
15.466564
15.231481
14.990873
14.970604
15.168302
15.100654
14.782315
15.731114
15.827916
15.976938
15.841244
15.850059
16.116314
15.858574
15.911762
15.804730
15.855691
15.870667
15.813190
16.105328
15.820109
16.103497
15.837130
16.081279
15.910454
15.903021
16.077191
15.629606
15.767030
15.547672
16.019792
15.442308
15.821171
15.750087
15.372946
15.341640
15.034432
14.927320
14.418788
16.309323
16.066555
16.108173
16.048387
16.070740
15.921170
16.081011
15.788419
15.992767
15.978890
15.686348
15.668427
15.581204
15.132704
14.906834
15.227987
15.386345
15.748757
14.895349
15.006261
15.118806
15.372654
15.234493
14.992111
14.888334
15.233314
15.332813
15.870253
15.046606
15.312727
14.747720
14.420817
16.300312
15.123854
16.082946
16.036967
16.041954
16.102380
16.086436
15.578689
16.003566
16.034785
15.505058
15.504668
15.567808
15.899184
15.472316
15.276999
15.539897
15.392319
15.237813
15.699917
15.163713
15.378402
14.951709
15.166840
15.281452
15.098632
15.061059
15.804707
15.443824
14.236640
14.973242
14.397280
16.298778
16.099813
15.947548
16.133946
15.966717
15.723572
16.069053
16.036353
16.029198
15.963215
15.870875
16.113550
15.927439
16.066722
16.010699
15.838320
15.852274
16.116150
15.874005
15.673482
15.661008
15.701324
15.558860
15.543974
15.675102
15.460180
16.067314
15.797477
15.519810
16.005124
15.381609
15.567704
12.921770
12.950974
13.093271
13.073213
13.124286
13.172320
13.134049
12.962980
13.088744
13.138856
12.935173
13.175784
13.177249
13.078710
12.972395
13.152763
13.169739
12.810231
12.908236
13.162290
12.796334
12.835716
12.802604
12.695955
12.783573
12.779835
12.867494
12.937732
13.113833
12.774154
12.786979
10.724952
13.293729
13.171372
13.141773
13.114933
13.150540
13.059295
12.954646
13.166250
12.921238
13.164138
13.152692
13.123646
12.931441
13.169271
13.170525
12.929939
12.952797
13.073720
12.958271
13.167328
12.931929
13.017233
13.131024
13.064257
12.924652
12.940109
13.106633
12.943174
12.931224
13.024679
12.940845
12.628510
13.013817
13.164168
13.040944
13.061426
13.177294
13.031415
13.025908
13.165427
13.172272
13.118232
13.134024
13.006194
13.024836
12.997628
12.988189
13.047940
13.051902
13.140261
13.172324
13.018705
12.973682
13.001025
13.123961
12.970746
12.996328
12.978496
12.993618
13.142414
13.138846
13.030449
12.979767
12.768714
12.890330
13.069848
13.101308
12.975183
13.109525
13.173461
13.133304
13.127655
13.181623
12.996405
12.995720
13.160776
13.138946
12.984899
13.094917
13.168520
13.003795
12.804837
13.145971
13.159239
13.165335
12.966827
13.135071
13.148746
12.965680
12.844699
12.829471
12.949744
13.115198
12.930789
12.738884
12.656057
