15.153831
15.092171
16.034306
15.918967
16.120335
15.984605
15.958876
16.048082
16.012447
15.946641
15.989954
15.544245
16.032719
15.430013
16.038892
15.530343
15.773599
15.536869
15.430384
15.592210
15.567134
15.889165
15.766441
15.587750
15.384947
15.269464
15.235607
15.252737
15.124651
15.263839
15.130528
14.929635
16.088401
15.755134
15.636937
15.939908
16.046628
16.047284
16.056664
15.637106
15.799339
16.097551
15.799993
15.903645
15.946807
15.716550
15.962362
15.605205
16.061838
15.596180
16.113850
16.128432
15.767293
15.591682
15.942343
16.075885
15.865728
16.053398
16.027161
15.557997
16.059242
15.876438
15.491442
14.113224
16.043333
16.039119
16.044235
16.143773
16.080111
16.146709
16.019792
16.084808
16.009428
15.904154
15.912313
16.113967
16.127709
15.905762
15.934653
16.068960
15.876247
15.991621
16.100914
15.955197
16.102668
15.980830
16.009319
15.987491
15.892542
15.893335
15.700359
15.777273
15.649722
15.756395
14.893333
14.643130
15.896991
15.657769
15.709369
16.128901
16.094316
16.127061
15.879029
16.031971
16.123684
15.810418
15.635282
15.425891
16.093681
16.114458
15.548090
15.782094
15.646358
15.942887
16.023371
15.516342
15.864360
15.732159
15.576601
15.572054
15.553142
15.919374
15.345448
15.352763
15.203036
15.379796
15.178775
15.171997
15.228731
15.197614
16.066283
15.403844
16.117768
16.099035
15.933233
16.052564
16.061413
15.926226
16.110789
15.701445
16.026497
16.090203
15.828721
15.686768
15.843124
16.091792
15.477509
15.477094
15.327861
15.373255
15.327935
15.335813
15.328770
14.984770
15.990341
15.200155
15.167844
15.178470
15.183762
15.259564
16.368180
15.979563
15.629408
16.091747
16.109984
16.127464
15.859727
16.104049
16.041759
15.978659
16.037003
15.613596
15.418563
15.463347
15.577280
15.514543
15.423954
15.309375
15.150358
15.717215
15.498968
15.719512
15.531395
15.819109
15.020376
15.523252
15.295785
15.398175
15.127864
15.278028
15.186149
15.456781
15.850572
15.251359
15.165606
16.132518
16.058993
15.982225
16.128248
15.610942
16.100240
16.038494
15.798811
16.115017
16.072976
15.859037
15.518351
15.673799
15.666191
15.935743
15.503790
15.744945
15.893374
15.580956
15.418571
15.642504
15.418427
15.165912
15.166752
16.064271
15.253074
15.319993
14.948182
15.254402
16.451648
16.133153
15.961973
16.066561
15.710290
15.930493
15.920572
15.929468
15.931646
15.959439
16.028008
15.700416
15.644350
15.818543
15.834212
16.020164
15.675304
16.002311
15.825419
15.958359
16.097949
15.658525
15.959404
16.070737
15.649158
16.017184
15.669080
15.835358
15.401819
15.491913
15.045197
15.153384
16.175654
15.947907
15.913160
15.983074
15.867182
15.573881
15.471208
15.798873
15.975447
15.446449
15.955811
15.583292
16.000368
15.856269
15.903283
15.551937
15.454467
15.584085
15.766835
15.676501
15.851388
15.958924
15.673547
15.401161
15.384830
15.624632
15.787465
15.774961
15.654830
15.760650
14.616741
14.106102
15.937323
16.002501
16.025476
15.245661
15.911783
15.868808
15.602756
15.956830
15.983769
15.911881
15.888185
15.209448
15.754549
15.912690
15.953874
15.597339
15.833510
16.000784
15.646880
15.474116
15.402763
15.929052
15.568512
15.450834
15.209988
15.402616
15.836626
15.726115
15.747372
15.236664
15.153692
15.366132
16.196488
15.998813
15.963602
15.971304
15.961627
15.975973
16.006739
15.782477
15.887149
15.712958
15.981203
15.534190
15.227586
15.121790
14.881564
14.999191
15.849089
15.211746
14.850024
15.548046
14.783786
15.072400
14.973596
15.579330
15.082586
14.886311
15.745866
15.386662
14.795624
14.880801
15.155855
14.342213
15.693205
16.132539
16.124759
15.738356
15.636577
15.868629
16.070727
16.037135
16.103207
16.064112
15.696596
15.644929
15.843711
15.746826
16.093514
15.547053
15.698548
15.739821
15.845734
15.656091
15.857340
16.083959
15.448225
15.463106
15.796966
15.298780
15.849929
15.575157
15.783141
14.738743
15.250328
15.214146
16.313138
16.079655
16.135884
16.142551
16.057527
16.112801
16.079157
16.114731
16.124529
15.969599
16.044573
15.324342
15.361718
15.952005
15.727139
15.793963
15.849518
15.015412
15.160836
15.834000
15.195959
15.333587
15.287388
15.532441
15.519118
15.033520
15.261749
15.243061
15.221012
15.256877
15.083732
15.214935
13.487426
13.255951
12.948791
12.899020
13.183322
13.115657
13.179927
12.942685
13.125744
13.137068
13.167894
13.168941
13.139518
13.051292
13.139773
13.063975
12.950928
13.113241
13.044659
13.097809
13.119448
13.072077
13.090442
12.966625
13.039787
12.869485
12.850588
12.947445
12.772734
12.854298
12.857740
12.645238
13.095506
13.070297
13.052400
13.140239
13.122537
12.990345
13.117667
12.986072
13.097331
13.165514
13.177055
13.169828
13.150941
13.076097
12.876719
13.119735
12.842776
13.094276
13.097505
12.895676
13.129686
12.962702
12.863200
12.955538
12.780257
12.889408
12.880498
13.148011
12.821555
12.771605
12.804171
12.803497
13.157109
13.139206
13.173221
13.152155
13.170304
13.167519
13.033387
13.044328
13.085104
13.018808
13.163656
13.041711
13.025126
12.937428
12.948169
12.941279
13.009872
13.158593
12.870532
13.159342
12.882126
12.767785
12.904405
12.852796
12.857837
12.888812
12.757914
12.801458
12.768608
13.068128
12.755359
13.053876
12.972830
13.156107
13.128016
13.131861
13.153510
13.182149
13.179457
13.154965
13.053701
13.159806
13.182386
12.852093
13.042251
12.855508
13.160115
13.154801
13.173458
12.849289
13.031389
12.932147
12.881697
13.028215
13.125268
13.034446
12.817790
13.115353
13.167020
12.870957
12.754372
12.927400
12.727012
12.831808
15.870841
16.062045
15.983623
16.096670
16.146634
15.868744
15.584106
16.064738
16.093334
15.973869
15.554896
16.029581
16.024920
15.774527
16.134497
15.944189
15.601370
16.111809
16.134014
15.608981
15.562884
15.841673
16.079701
15.702415
15.721182
15.962058
16.111266
15.722030
15.580383
15.533793
15.573457
14.930184
15.285973
15.116256
16.014282
16.102634
16.011685
16.129635
16.096267
16.078113
16.126065
15.865765
16.109207
16.074847
16.084683
15.862127
16.061869
16.061989
15.267851
15.718310
15.699081
15.181383
14.980836
15.060648
15.246635
15.230456
15.466359
15.054509
15.462052
14.922474
16.022561
14.954470
15.900060
15.667673
15.704300
14.648827
15.450940
15.523652
15.518098
15.427311
15.502057
15.487042
15.335079
15.456730
14.969362
14.739747
14.953763
14.646484
15.286771
15.354219
15.171101
14.818951
14.727353
14.840270
15.087197
14.502765
14.617267
14.685130
14.420383
14.888906
14.472479
15.315561
14.874861
15.060027
14.301414
14.543816
16.276070
16.136841
16.085347
15.807499
16.095098
16.046673
15.978724
16.106758
16.028093
15.571738
15.849929
15.681335
16.053320
15.583272
16.092289
15.612140
16.069913
15.553052
15.826116
15.575977
15.595601
15.705376
15.994716
15.772863
15.530847
15.689599
15.544821
15.390131
15.439019
14.675627
14.225450
12.311052
16.125098
16.010725
16.058029
15.991076
16.141374
16.136762
16.109775
15.717317
16.067257
15.800520
15.912181
15.875804
16.134487
15.962697
15.521743
15.990655
16.089193
15.902307
15.738920
15.691759
15.731595
15.508011
15.526142
15.794000
15.916592
15.516633
15.549369
15.949247
15.256666
15.637307
15.479847
15.338561
15.263622
15.172189
16.120170
16.119549
15.979714
16.115341
16.085453
15.788849
16.041029
16.095743
16.036377
15.884276
16.029586
16.072120
16.094596
15.220373
15.635322
15.361898
15.342461
15.672689
15.907050
15.083071
15.432777
15.328004
15.464850
14.965043
15.314722
15.341348
15.182672
15.036012
15.139028
14.912259
13.362275
13.445725
12.879460
13.107557
13.148255
13.114833
13.171827
12.912373
13.005053
13.184076
13.145303
12.917658
13.196522
12.882013
13.178581
13.161091
12.920761
13.087011
13.073161
12.981679
12.991052
12.872490
12.904579
12.862389
12.928197
13.149711
13.179139
12.855195
12.916241
13.117045
13.150277
13.105804
16.359462
15.625750
16.100846
16.112516
16.108846
16.084448
15.965330
15.846883
15.758278
15.400375
15.027863
15.176866
14.935014
15.209322
15.973336
15.190655
15.151523
15.284729
15.716700
15.292925
15.010878
15.366071
15.834859
15.750769
15.290655
15.776965
15.407635
14.957136
14.628855
14.956962
14.568835
14.852444
15.472948
15.346042
15.363218
15.473246
15.377367
15.480737
15.395028
15.381169
15.322874
15.382692
15.494791
15.462570
15.336416
15.348738
15.378098
15.314204
15.428966
15.325810
15.305666
15.337578
15.363832
15.369851
15.349204
15.125897
15.124922
15.272368
15.268400
15.128834
15.155250
14.810891
14.722656
14.163189
15.657424
15.750330
15.823559
16.000014
15.899393
15.754718
15.788790
15.877050
15.842539
15.892435
15.802011
15.932173
15.770226
15.927766
16.000060
15.950392
15.989355
15.561149
15.559010
15.330019
15.469259
15.152762
15.920808
15.954476
15.553554
15.792740
15.260719
15.337760
15.290237
14.553702
14.350807
14.202735
15.535750
15.135930
15.415229
15.358282
15.436371
15.492342
15.496904
15.321279
15.426459
15.493692
15.496557
15.455684
14.934357
15.231640
14.849280
14.889478
15.377574
15.231204
15.113468
15.109848
14.906660
15.293609
14.976141
14.825659
15.282954
15.256951
15.233926
14.768931
15.146344
15.137017
14.389801
14.722175
15.702318
15.217721
15.241780
16.013002
15.519242
16.087129
15.405119
15.369169
16.071738
15.935817
15.820848
15.483618
15.469722
16.085488
15.378388
15.472160
16.076573
15.463265
15.374833
16.046475
15.565418
15.968038
15.989726
15.264895
15.187096
16.059846
15.839281
15.408244
15.452599
15.533189
14.776803
14.943894
15.869750
16.095569
15.414615
16.089971
15.428977
15.257774
15.822826
16.071241
15.936186
15.652893
16.030369
16.060785
15.313887
15.705193
15.530111
15.585550
15.414307
15.214142
15.216293
15.239816
15.232061
15.209771
15.978621
15.893445
16.021343
15.590334
15.474565
15.893987
14.930375
14.928656
14.444081
13.850579
13.495253
13.402178
13.184912
13.163127
12.965809
13.187789
13.116175
13.150006
13.151472
13.117953
13.098766
13.159135
13.143795
13.110374
13.037513
13.180012
12.952973
12.958287
12.937840
13.030466
13.174276
12.974256
12.974288
12.999468
12.819889
12.938470
13.119912
12.825428
12.947737
12.999195
12.706735
12.813737
12.932543
13.095750
13.021957
13.002950
13.177116
13.018866
13.048117
13.037609
13.012534
12.988886
12.998422
12.904507
13.114721
12.893028
12.905014
13.149903
13.146546
12.903278
13.154463
13.128587
13.164257
13.000789
12.874871
12.971657
12.826729
12.822008
13.133378
13.140286
12.986491
13.058564
12.993475
12.446347
13.309820
13.097652
13.148832
13.126678
12.969351
13.070543
12.908777
13.144492
13.170389
13.122823
13.164231
13.166681
13.037808
13.167397
13.153584
13.131897
13.052856
12.956833
12.883929
13.125228
12.863950
12.945909
13.150358
12.841364
12.859091
12.863916
12.896165
12.841858
12.841145
12.841727
12.847922
13.038169
16.312041
16.141768
16.132432
16.101614
16.064477
15.436951
16.117796
15.895110
15.994685
15.798037
15.883521
16.077526
15.511396
15.495621
15.650037
16.052381
15.964748
15.539914
15.519272
15.814942
15.526050
15.401059
15.677782
16.028585
15.391223
15.383431
15.405213
15.208476
15.143367
15.205478
15.164596
15.175493
16.363512
15.895644
15.466261
16.054848
15.366701
15.831717
15.816621
15.566185
15.898957
15.575397
15.886615
15.666053
15.967312
16.107470
16.065597
15.968706
16.033817
15.522519
15.605779
15.513043
15.458653
15.585264
15.325815
15.494310
15.482056
16.088817
15.458314
15.229884
15.577280
15.469373
15.682556
15.438479
15.581087
15.578654
16.132788
15.922574
16.149267
15.944252
16.032726
16.124029
15.761250
15.458025
15.719521
15.621176
16.132410
16.089284
16.117161
16.015785
15.536340
15.593953
15.635635
15.457342
15.929192
15.488256
16.112320
15.824173
15.631616
15.580148
15.589826
15.480999
15.426731
15.455923
16.077896
15.373165
16.473189
16.147633
16.112030
16.041403
16.163692
16.057705
15.907186
16.162752
15.613951
15.913516
16.147086
15.988946
16.069801
15.807776
16.101975
16.156824
15.831273
15.897866
16.063083
15.681959
15.819030
15.538727
15.629497
15.718932
15.637414
15.578290
15.595899
15.550148
16.024259
15.494685
15.755056
15.625049
15.805398
16.342139
15.991313
15.575748
15.974161
16.066592
16.088284
15.926548
16.105881
15.894764
16.096989
15.369933
15.375239
15.747334
16.046612
15.481010
15.476296
15.750775
15.280400
15.569306
15.267091
15.569348
15.503528
15.506653
15.243546
15.183542
15.292019
15.317791
15.252486
15.877220
15.653287
15.049867
15.269892
15.489277
15.413510
15.294458
15.275826
15.288061
15.281926
15.527017
15.485887
15.398034
15.259732
15.221325
15.142248
15.148079
15.258068
15.363074
15.510393
15.313528
15.360707
15.490645
15.502567
15.269117
15.264151
15.448790
15.210078
15.438798
15.221181
15.251662
15.054284
15.092415
14.848422
14.458293
