01
01
07
08
08
08
08
04
04
04
04
04
08
15
15
17
17
10
10
10
07
07
10
15
04
04
04
04
04
03
16
16
15
08
08
08
08
08
10
03
03
08
10
10
01
10
09
09
09
09
09
09
16
16
16
16
07
07
07
10
10
08
17
03
03
03
03
03
18
18
18
07
10
10
10
10
10
18
04
04
10
07
01
10
07
03
03
03
03
03
03
18
18
18
01
08
08
08
08
08
18
16
15
15
15
01
01
01
01
01
16
17
09
09
09
09
09
07
07
09
01
07
07
01
17
17
17
17
10
10
01
01
01
18
17
09
09
09
09
09
04
17
17
17
07
07
07
07
07
18
15
17
03
03
03
04
08
08
01
09
09
09
04
15
15
15
01
01
07
10
10
10
15
04
04
04
04
04
18
16
16
16
10
10
10
08
08
08
16
15
04
04
04
03
09
09
03
03
03
04
09
16
15
16
16
17
07
10
07
07
07
16
03
03
03
03
03
03
18
18
01
15
08
08
10
10
10
09
04
17
15
07
10
10
04
04
04
03
03
18
18
18
18
15
04
08
08
08
08
09
15
15
15
01
01
01
01
01
18
17
09
09
09
09
09
18
16
15
17
01
15
15
15
15
15
17
08
10
10
10
10
16
08
04
09
09
09
18
17
17
17
15
07
07
07
07
07
08
15
04
04
04
04
04
03
16
16
17
16
16
17
17
17
15
10
07
01
01
01
07
09
09
04
03
04
04
16
16
16
17
10
08
10
10
10
16
17
03
03
03
03
03
18
18
18
15
17
17
16
16
16
16
07
01
07
07
07
04
03
03
03
04
03
03
18
18
18
16
08
10
08
08
08
09
04
17
17
01
01
01
01
01
07
08
18
18
18
18
18
18
01
08
08
08
08
18
17
17
15
15
01
01
01
01
01
07
09
09
09
09
09
18
16
15
15
17
07
07
07
07
01
16
