6
14
0
11
20
4
23
7
16
28
18
3
5
24
10
26
22
21
27
15
19
31
17
8
29
25
13
9
30
1
2
12
7
14
0
28
22
26
10
2
27
21
20
3
15
31
23
30
12
8
19
13
18
1
29
16
6
4
11
5
24
25
17
9
26
30
7
1
20
16
28
21
25
2
22
31
29
8
19
17
12
11
18
4
5
10
13
15
14
27
6
9
0
23
3
24
1
6
11
22
5
19
3
0
25
30
28
8
9
24
14
18
10
15
21
20
26
7
29
13
31
12
23
4
16
27
2
17
7
5
0
23
9
29
6
3
1
20
15
10
22
17
19
24
13
12
21
11
26
27
25
14
28
2
16
8
18
30
4
31
9
6
26
31
8
29
2
7
18
27
12
14
13
16
22
20
19
3
0
30
4
10
11
23
5
17
25
24
21
1
15
28
11
27
8
0
2
19
12
20
3
22
9
26
29
17
31
16
18
23
7
13
28
30
5
24
10
14
15
25
1
21
6
4
19
11
26
18
9
1
24
29
7
8
4
5
12
13
17
20
16
0
15
14
22
10
25
31
6
3
2
23
21
28
27
30
11
3
6
2
31
26
9
22
12
20
29
23
5
15
7
17
27
14
16
1
8
24
21
30
0
18
10
19
4
28
25
13
15
17
10
0
20
28
14
25
6
29
3
16
19
8
26
24
27
5
30
2
31
22
18
4
1
12
9
23
13
7
21
11
0
18
16
21
5
17
14
13
10
7
4
11
19
6
20
9
3
31
2
15
26
12
23
8
24
28
22
25
27
29
30
1
14
10
8
28
7
27
22
17
15
11
3
1
25
21
2
19
26
30
12
20
13
18
16
0
6
23
29
4
24
9
31
5
28
21
9
27
29
1
17
11
30
5
8
18
19
0
7
3
6
24
13
20
16
4
26
22
31
2
14
12
10
23
15
25
10
19
22
4
24
29
28
1
13
9
11
18
23
20
7
6
21
27
17
14
30
26
3
8
5
12
15
2
0
16
25
31
5
26
16
11
27
13
23
28
3
6
2
17
18
25
9
12
29
15
8
24
19
21
31
20
14
7
22
4
0
30
10
1
17
22
2
18
15
13
12
6
29
28
23
8
0
4
3
20
31
14
5
24
1
25
7
16
11
9
30
21
19
10
27
26
21
5
4
25
15
22
17
29
27
14
2
6
10
23
12
7
19
9
8
24
30
11
18
26
0
3
20
16
28
31
1
13
15
17
0
18
25
14
31
19
4
23
24
22
30
13
12
29
26
1
20
11
6
8
7
9
2
3
28
5
16
21
27
10
28
1
10
20
17
5
21
22
31
27
4
13
7
23
12
11
30
2
24
16
0
19
3
25
18
26
15
9
6
29
14
8
14
15
2
29
31
22
7
28
10
23
3
27
25
12
18
16
20
4
26
13
6
30
0
5
9
1
11
24
8
19
17
21
8
2
29
4
28
9
23
30
16
5
6
22
21
13
1
20
19
3
12
27
25
24
10
26
18
14
17
15
7
11
31
0
29
23
31
15
2
14
19
12
25
0
9
6
28
24
22
30
10
17
18
16
11
8
20
7
26
5
13
3
21
4
27
1
2
20
6
5
23
12
30
11
25
17
8
4
0
21
28
29
22
27
10
16
9
18
26
1
19
15
13
3
7
14
24
31
13
24
9
17
5
2
23
11
7
26
14
30
0
27
19
15
3
20
10
25
22
29
8
31
18
6
16
12
28
4
1
21
3
2
8
4
6
28
26
21
15
19
9
16
25
11
31
1
27
0
5
7
14
23
30
12
20
24
10
17
22
18
29
13
16
6
1
15
28
0
10
20
14
7
23
9
13
22
8
26
31
21
3
5
4
2
19
30
27
18
12
25
24
29
17
11
15
29
23
31
27
9
22
12
24
11
20
7
0
28
8
1
5
17
16
13
26
18
25
21
30
4
10
6
2
3
19
14
3
30
22
7
25
19
23
1
13
14
18
0
24
31
9
6
21
5
15
8
27
17
12
28
4
26
10
29
16
2
11
20
11
22
24
20
5
21
8
19
10
4
14
2
3
31
7
30
6
9
26
25
12
0
27
29
17
23
13
1
28
18
16
15
10
15
18
6
30
17
26
3
12
28
9
11
27
16
0
13
5
22
21
1
25
20
14
19
24
4
2
7
8
31
23
29
13
6
26
28
21
2
8
18
22
4
9
29
11
25
24
30
10
20
27
7
23
5
1
31
0
15
14
16
12
3
17
19
29
15
19
17
6
2
12
8
1
27
5
11
31
7
18
28
22
24
21
10
4
13
3
20
0
25
30
16
23
26
9
14
27
28
29
31
24
16
2
30
19
20
25
13
9
3
5
17
10
22
6
8
26
15
7
1
11
4
12
18
23
14
21
0
27
2
29
6
24
25
3
8
12
31
30
10
15
21
4
9
26
18
7
28
0
20
22
1
14
23
13
5
16
17
19
11
19
18
1
25
0
23
16
7
21
24
20
26
2
30
9
12
22
6
13
29
14
5
31
8
17
15
4
10
11
27
28
3
9
18
1
6
28
26
14
5
4
17
20
11
25
16
30
24
22
15
27
31
7
10
2
19
23
0
21
12
8
3
13
29
16
20
7
28
15
29
31
12
8
2
27
5
4
0
25
22
17
19
10
13
26
18
3
24
6
21
11
9
30
14
1
23
14
31
5
18
16
25
6
11
0
30
1
28
2
10
20
13
27
21
22
29
9
26
8
12
17
24
19
4
15
23
3
7
