30
10
17
1
15
4
9
29
5
0
22
23
19
11
24
14
12
27
7
2
20
16
8
13
25
28
21
3
26
6
31
18
10
4
16
25
5
31
11
12
3
14
17
23
30
2
29
13
0
22
6
28
19
26
24
18
21
1
27
9
8
15
7
20
13
3
16
5
10
23
1
7
30
19
0
22
28
17
18
29
15
9
20
4
26
14
8
2
6
27
24
11
21
25
12
31
3
27
16
11
22
18
0
13
19
1
14
10
15
12
5
9
21
29
2
7
20
23
17
8
6
26
25
30
4
24
31
28
17
0
28
30
7
12
6
24
13
25
15
16
11
31
29
3
2
19
26
5
1
18
9
21
23
4
20
8
27
10
22
14
4
1
2
14
13
22
8
28
12
18
9
25
20
19
11
0
17
16
27
7
15
21
29
26
23
6
3
30
5
24
31
10
21
4
11
8
10
9
20
29
26
19
7
28
13
1
18
25
23
5
22
15
14
27
31
17
6
24
16
0
12
30
2
3
12
23
27
15
21
29
8
6
20
9
25
24
3
17
16
31
28
0
26
19
5
11
14
13
22
7
4
30
2
10
1
18
7
13
30
22
9
19
25
17
12
24
8
20
6
16
18
1
4
23
2
15
27
29
0
26
3
11
28
21
10
31
14
5
23
1
10
31
24
22
11
25
20
6
19
3
7
0
14
2
18
12
17
30
13
5
4
28
16
27
26
15
8
21
29
9
4
7
17
25
24
26
5
13
19
20
14
21
23
2
18
11
8
12
10
0
22
3
16
27
29
9
15
6
31
1
30
28
0
3
17
5
8
19
12
29
22
30
13
20
24
4
27
18
26
14
1
25
11
16
2
7
21
23
31
28
9
10
15
6
2
5
20
17
29
28
4
31
3
15
11
0
25
6
30
13
8
12
21
23
19
7
10
16
18
9
14
27
22
26
24
1
11
23
8
20
27
24
15
7
0
26
17
16
30
18
14
1
28
19
10
29
21
25
13
9
22
5
31
3
2
4
12
6
28
8
21
1
9
27
5
6
10
14
18
13
2
0
17
7
4
19
31
15
16
23
24
29
26
3
11
22
25
12
30
20
27
10
25
13
0
23
1
17
16
31
2
8
7
11
18
19
4
6
22
9
20
21
15
26
30
12
3
14
24
29
5
28
16
11
30
10
14
21
8
19
23
3
2
29
27
18
26
31
17
24
28
12
25
9
13
7
4
6
20
0
1
22
15
5
11
7
30
24
17
23
5
31
29
8
21
16
26
4
22
1
27
9
19
18
28
14
3
0
20
2
13
15
25
6
10
12
12
0
1
10
16
23
21
29
5
4
17
31
28
7
6
19
26
15
11
13
30
14
9
25
8
3
22
24
20
27
18
2
9
1
2
18
25
20
29
4
11
16
5
24
15
23
0
27
17
3
10
28
31
30
22
21
26
7
13
8
14
19
12
6
28
15
3
1
25
26
14
31
11
2
30
19
9
18
13
21
10
7
17
23
8
27
5
22
16
6
24
0
20
29
12
4
13
23
6
8
21
3
18
2
7
27
19
11
22
1
14
0
5
12
26
15
16
4
25
20
30
10
17
24
29
31
28
9
26
23
12
8
13
20
3
16
28
4
11
22
0
1
17
18
7
21
30
15
29
5
19
6
2
10
9
31
25
24
27
14
16
13
17
18
28
3
24
6
8
5
0
10
22
25
21
7
29
4
26
2
27
11
19
14
30
12
15
31
23
1
20
9
22
3
28
31
10
19
7
4
21
6
17
18
9
15
23
1
24
27
30
29
12
0
2
5
13
16
8
20
11
26
25
14
15
18
17
21
26
1
29
9
0
6
7
11
4
5
3
19
2
8
27
30
10
23
22
16
31
14
25
20
24
28
13
12
28
17
12
0
1
30
9
18
8
3
2
22
25
14
23
27
24
10
19
13
15
11
7
5
4
21
20
26
6
31
29
16
9
21
28
5
22
25
7
2
24
13
26
20
8
0
16
29
27
1
12
11
23
10
19
30
18
15
4
31
3
17
14
6
30
16
19
27
14
12
26
28
29
22
7
10
1
24
17
0
3
5
2
13
6
4
23
25
9
18
11
21
8
15
20
31
31
26
7
10
19
2
15
14
0
1
3
24
22
12
5
28
30
23
4
20
8
18
13
21
11
6
9
17
25
29
16
27
10
9
24
5
4
7
29
13
26
17
21
19
22
3
12
2
25
15
8
28
1
30
14
27
0
6
18
23
11
31
20
16
15
29
31
19
9
4
21
3
8
11
30
22
17
24
13
7
5
26
28
27
10
6
16
12
25
1
14
20
2
0
23
18
5
9
11
12
16
19
22
23
10
1
13
3
17
24
28
18
4
6
27
21
8
0
7
15
26
25
14
30
31
29
2
20
14
3
15
13
21
20
0
27
11
31
24
1
16
12
30
28
7
9
6
8
17
2
25
29
22
19
10
18
26
5
23
4
14
22
5
2
9
25
29
13
23
16
0
8
20
26
6
12
15
30
18
21
1
10
24
11
3
28
19
17
27
31
4
7
19
1
7
11
18
30
26
22
3
21
24
31
16
17
9
23
8
13
28
25
12
10
6
20
2
15
27
14
5
29
0
4
3
21
12
13
28
6
20
5
31
1
14
26
29
27
30
7
22
19
9
0
10
8
17
16
15
24
2
23
25
4
18
11
21
4
2
20
17
23
16
25
18
5
13
22
12
7
24
29
14
0
26
19
8
3
15
6
31
1
30
9
11
27
28
10
15
31
30
26
28
24
1
7
13
10
6
25
12
29
5
14
11
21
27
17
0
3
16
8
4
9
23
22
18
19
20
2
