16.158345
15.670543
15.746058
15.964811
16.022862
16.052638
16.084754
15.794863
15.991481
16.062388
15.654834
15.975773
16.001520
16.074387
16.060703
16.038649
16.163465
16.042688
15.614207
16.000624
15.841292
15.646607
15.590982
16.065830
15.759965
15.464710
15.824640
15.568372
15.923288
15.556548
15.746877
15.419029
16.484113
15.474730
16.149532
15.402679
16.080441
16.094940
16.163688
16.164603
16.143144
16.031957
16.142497
15.513534
16.050505
16.109279
16.106405
15.842436
15.405894
15.716301
15.975598
15.787484
15.631188
15.526286
15.434480
15.895416
15.264968
15.723321
15.514700
15.385298
15.321151
15.409802
15.380771
15.358923
15.932226
16.002580
16.098880
16.003418
16.088241
15.780902
15.926590
16.069806
15.952246
15.934860
15.952643
16.111125
15.736410
16.110038
15.928685
15.734297
16.099659
15.759046
16.069771
16.029708
15.919386
15.954305
15.887261
15.948092
16.019149
15.740288
15.777874
15.786775
15.777140
15.686257
14.945276
15.032957
16.000819
15.982274
15.997698
16.118537
15.832933
16.114739
16.102760
16.156906
15.743682
16.122476
16.140866
15.988076
16.104528
16.150219
15.594827
15.879102
16.046417
15.856359
16.018816
15.736736
15.778517
16.132538
16.039100
16.131087
15.867190
15.822001
15.805347
15.565662
15.835125
15.515488
15.528290
15.534366
16.126662
16.161718
16.066809
16.046628
16.169186
16.172047
16.152575
16.091854
15.927011
16.079080
16.115612
16.157533
15.848888
16.026081
16.115576
15.693723
15.711621
15.825326
16.071874
15.843127
15.901243
15.720744
15.440993
15.673787
15.657650
15.418931
15.593437
15.588795
15.897358
15.427210
15.605192
15.416076
15.911844
16.095405
16.186998
16.137173
16.038394
16.156851
16.187467
16.016656
15.869128
16.102426
16.183103
15.926554
15.853962
16.046495
16.179179
16.015182
16.029527
15.769345
16.004268
15.852249
16.118661
16.102714
16.037078
16.003472
16.134999
15.877788
16.140923
16.053553
15.748449
15.896743
15.714352
15.710665
15.981909
16.117950
16.057834
16.090867
15.822853
15.844935
16.044188
16.038485
16.120120
16.142329
15.985844
15.977479
16.032146
16.012315
16.137896
15.967519
15.969239
16.078548
16.123635
15.989355
15.976023
16.107059
15.658383
15.834906
15.835785
16.036473
15.501871
15.539251
15.625829
15.645747
15.537642
15.782561
12.949642
13.124864
12.948089
13.185870
13.099979
13.170093
12.931297
12.972562
13.138351
12.944962
13.123453
12.946549
13.156970
13.150587
13.121411
12.967441
12.955895
12.936977
13.069284
13.134557
13.045688
13.163980
13.071072
13.162469
13.133374
12.951362
12.941913
12.907005
12.954352
12.948637
13.113605
12.962110
13.302838
13.292621
12.901650
12.904019
13.092530
13.108305
12.895447
13.032495
13.017698
12.915174
13.085885
13.101742
12.937233
13.040224
13.102271
12.899263
13.019528
12.908010
12.896384
12.912166
12.921144
12.878539
13.091156
12.936845
12.874185
12.897851
12.875430
12.977819
13.024411
13.024677
12.830820
12.864993
13.009180
13.127369
13.096635
13.151460
13.165858
12.835452
13.125874
13.098697
13.078821
13.155913
13.082986
13.056677
13.112211
12.958978
13.060348
12.859550
13.160155
12.803971
12.952415
13.027828
12.808619
12.860079
12.787287
12.825341
12.797659
12.865624
12.787132
12.755262
13.083785
13.125856
12.922333
12.259671
13.386031
13.169993
12.961546
13.037890
13.152259
13.110076
13.160467
13.038224
13.150588
13.162034
13.063569
13.136395
13.097350
13.112209
13.126762
13.009510
12.951651
12.849128
12.939643
12.951971
12.882961
12.779414
13.106844
12.855190
12.952080
12.931092
12.719525
13.139985
12.725032
12.753098
12.717409
12.995993
15.803917
15.816180
15.854433
16.160815
16.149309
15.938359
16.105210
15.652631
15.731379
15.945030
16.044622
16.031498
15.824517
16.049790
15.840122
15.707759
15.939524
16.066921
16.085945
15.557555
16.131167
16.017385
15.584695
16.107897
16.130824
16.074815
15.731682
15.716900
15.531868
15.520810
15.972415
14.914639
15.694051
15.459323
15.535837
15.409328
15.530806
15.502337
15.522417
15.391961
15.222320
15.303612
15.230760
15.445104
15.207387
15.309569
15.199082
15.271887
15.226630
15.290138
15.317404
15.374625
15.337919
15.274923
15.202227
15.113311
15.128076
14.979835
15.262937
14.906083
15.023146
14.591973
14.043225
14.134571
16.035170
16.073938
15.650244
16.150779
16.097720
15.768498
15.625271
16.133857
15.691529
16.003788
15.962190
15.620738
16.093000
16.087650
15.639723
15.946752
16.052364
16.117423
15.840742
15.601648
16.124350
16.050836
15.748510
15.663774
15.961461
15.977152
15.584988
15.822951
15.718260
15.612854
15.616597
16.091100
15.635170
15.736171
16.133052
15.944175
15.873415
15.926948
16.025715
15.876367
15.782334
15.749065
16.117164
16.016130
15.613772
15.863353
15.994596
16.080490
16.064671
16.123897
16.093884
15.720459
16.100064
16.078758
15.399674
15.885569
16.066806
15.907066
15.573244
16.107389
15.622283
15.390876
15.390558
15.929915
15.184361
15.981382
16.068176
16.133164
16.095025
16.076831
16.082168
16.110864
16.132957
16.086201
15.413491
16.123794
15.420165
15.645983
15.944520
16.111220
15.838929
15.429608
15.468620
15.488708
15.482523
15.442683
16.024334
15.285570
15.815596
15.618516
15.381954
15.137291
15.224173
15.243393
15.104352
14.990094
13.085522
13.139699
13.181472
12.980641
12.952221
12.935698
12.945937
12.931686
12.967328
13.163290
13.067231
12.984205
13.136776
13.165248
13.116762
13.157183
13.077439
13.111505
12.958560
12.934665
13.105258
12.927660
13.160380
13.118156
13.025996
13.132959
12.902799
13.134433
12.902049
12.899178
12.921065
12.825173
13.079506
13.160815
13.021268
13.184569
13.027359
13.039943
13.021187
13.044357
13.010264
13.046958
13.053562
12.997252
13.020939
13.138307
13.137394
12.998350
13.023659
13.038214
13.031867
12.982728
12.989520
13.165507
13.045303
13.138953
13.005942
13.109102
12.982777
13.078119
13.125112
12.898573
12.773628
12.082113
16.284297
16.350566
15.984632
15.741107
15.878194
15.756980
15.757294
15.833038
15.840070
15.769550
15.756978
15.734708
15.766603
15.991656
15.969322
16.049686
16.118571
15.989301
15.720408
16.039385
15.758514
16.087289
15.880857
15.918508
15.720959
15.762120
15.575074
15.651878
15.643030
15.295627
15.501853
15.243247
15.673111
15.603629
15.736446
16.125884
15.919451
16.080706
16.139806
16.071298
16.058104
15.978411
15.776126
15.861599
15.992155
15.987468
15.703461
16.095761
15.736227
15.708256
15.722179
16.116535
15.870336
15.676137
15.881893
15.758018
16.030148
16.077271
16.049432
15.537256
15.825565
16.092248
15.417040
15.871164
15.965819
16.068498
15.895898
15.950206
15.913193
15.966581
16.014043
15.859843
16.056662
16.041199
15.875455
16.080611
16.104900
16.106326
15.884173
16.036298
15.869947
16.006666
15.905537
16.070373
15.889522
15.902538
16.054420
16.047739
15.646595
15.791653
15.833311
15.329420
15.315961
15.234767
15.200691
14.652246
16.188485
16.163965
16.114699
15.846113
15.774180
15.943649
15.703958
15.833598
16.061435
15.687008
15.674181
16.021959
16.079271
15.745133
15.223371
15.720258
15.616920
15.544091
15.336538
15.210501
15.304793
15.710532
15.286264
15.169443
15.259506
15.093989
15.772847
15.011894
14.973692
15.249075
14.583390
14.190315
16.482301
16.053536
16.023815
16.167167
16.013802
16.182787
16.117176
15.997182
16.058573
16.022828
16.004797
16.177828
15.768415
15.993181
16.047485
16.005207
16.108735
16.102316
16.062698
16.017796
16.066317
15.825403
15.822026
16.009810
16.111966
15.795731
16.155398
15.971228
16.040215
15.757434
16.092210
16.085587
16.215637
15.849153
16.078814
15.796171
16.126952
16.010273
15.778377
16.116495
15.906847
15.993322
15.996346
16.111337
15.888148
15.725042
15.707154
16.080323
16.052140
15.742076
16.100366
15.544691
15.569902
15.963136
15.318824
15.404090
16.009055
15.143304
15.355758
15.486256
15.391166
15.287040
14.705901
15.197901
12.992607
13.005910
13.116777
13.094609
13.142029
13.118852
13.133959
13.169334
13.008029
13.123933
13.149981
12.927166
12.929175
12.998951
13.168234
13.074447
13.123750
12.976883
13.068597
13.098460
12.760897
12.786978
12.808319
12.800494
12.753721
12.678543
12.742775
12.801102
13.075489
12.820909
12.951761
12.939329
13.378620
13.130647
13.082417
13.062526
13.103949
13.079392
13.140212
13.167888
13.073466
13.069724
13.067591
13.096316
13.052550
12.840120
12.886116
13.051775
12.919306
13.133934
12.940529
13.051077
12.875427
13.040964
12.917839
12.801996
12.807785
13.053390
13.121389
12.910677
13.115289
13.050215
12.964941
12.790761
12.987742
12.922391
13.066102
13.184775
13.183718
13.098199
13.167064
13.148356
13.181726
13.093941
13.178976
13.148949
13.099860
13.140910
13.113906
13.030623
13.113641
13.029792
13.153698
13.058424
12.948135
12.934935
13.027497
12.881097
13.037803
12.751054
13.016407
12.781471
13.006444
12.824593
12.855116
11.809152
15.604800
16.047757
15.891871
15.904826
16.134882
16.030925
15.671058
16.121464
16.045609
15.664675
15.757776
15.756471
15.584341
16.100280
16.055605
16.007099
15.833312
16.052265
16.109627
15.422616
16.020916
15.554837
15.490802
15.632425
15.799830
15.963840
15.472572
15.849502
15.892534
15.678290
13.392814
13.474717
16.081970
15.522498
15.871624
16.107683
15.627786
15.523886
16.038610
15.841518
15.859936
16.099666
16.037209
15.386696
15.380869
15.569542
15.994857
15.573540
16.001786
15.618925
15.679688
15.408152
15.349161
15.604199
16.072122
15.355672
15.414379
15.544884
15.334363
15.336071
15.656141
15.486971
15.867253
15.414264
15.995878
15.931927
16.054579
16.046143
15.948370
15.991909
15.917164
15.964550
15.968750
16.074668
15.922175
15.943590
16.111109
16.160332
16.137926
15.972987
16.072735
16.105850
16.143766
15.894192
16.147995
15.941004
16.118980
15.937324
16.038194
16.076021
15.991862
16.075822
15.893270
15.912938
15.930855
15.884686
15.935402
15.691580
15.630951
16.108232
16.137807
15.929584
16.089248
15.930479
16.057577
15.868830
16.137661
16.104556
15.640307
16.059828
15.621508
16.111207
15.855451
15.832628
15.879599
16.059757
15.711039
15.640642
15.629612
15.457330
15.624197
16.005500
15.996121
15.901808
15.885030
15.458091
15.389615
14.734091
15.276568
15.969970
16.059975
16.090516
16.115449
16.005010
16.116876
16.114986
15.810134
15.381868
15.469929
15.803457
15.539682
15.374195
15.674018
15.733233
15.531505
15.355889
15.957264
15.453576
15.450544
15.621452
15.105146
15.178821
15.295634
15.503127
15.098624
15.824965
15.885774
15.330338
15.287997
15.439791
13.406730
13.171138
13.161140
13.184120
13.115094
13.150062
13.016300
13.098668
12.903864
13.146187
13.101271
12.869877
13.173609
13.026570
12.927437
13.001458
12.917288
12.807004
13.149175
12.818133
12.860713
12.814860
12.803719
12.890942
13.147306
12.820768
13.079005
12.673490
12.728520
12.671237
12.467146
12.171704
13.495967
13.189791
13.195001
13.186839
13.147506
13.164366
12.985037
13.178884
13.083040
13.047090
13.162252
13.130200
13.148952
12.996550
13.171911
13.127657
12.895894
12.783408
13.034172
12.787523
12.812323
13.069611
13.025813
12.968695
12.891625
12.770730
13.058446
12.799134
12.964895
12.785101
12.770751
12.859837
13.499932
13.196578
13.167604
13.160935
13.120727
13.172395
13.153789
13.141048
13.193589
13.127654
13.130609
13.178159
13.090264
13.079210
13.111759
12.974265
13.078902
13.084869
12.976155
12.888161
12.886891
12.961750
12.881617
13.090814
13.129395
12.784584
12.820157
12.778711
12.780493
12.719507
13.084971
12.797612
15.737557
16.284421
15.948741
15.750869
16.025050
15.821413
15.957867
15.629094
15.830972
15.753152
15.750376
16.041865
15.937369
15.465817
16.008818
16.087255
15.476495
15.327696
15.586668
16.057363
15.253769
15.296748
15.887712
15.801335
15.819147
14.904367
15.584023
15.189472
15.471517
15.219087
15.221471
14.960750
16.122406
16.038073
16.122979
16.123033
15.892371
15.938874
16.055057
16.014336
15.967849
16.052695
15.704098
16.041676
15.933498
15.835317
15.962263
15.603388
15.795352
16.078325
15.581459
16.075335
15.802504
15.916780
15.640028
15.833038
15.591431
15.658625
16.082029
15.656676
15.263983
15.548525
15.132747
14.588903
15.710264
15.796191
15.133815
15.074122
15.547146
15.542356
15.493437
15.312607
15.076330
15.474925
15.078214
15.364747
15.118065
15.516303
15.235564
15.249659
15.314038
15.439105
15.493832
15.399877
15.224811
15.010613
15.013408
14.972793
14.964421
15.226138
15.274940
14.932867
14.915684
14.832063
14.347710
13.885073
16.164387
15.968961
16.040812
15.766773
15.964721
15.759470
15.888815
15.949950
15.889798
15.910683
15.694526
15.780472
15.575191
15.988781
15.569619
15.966606
15.966201
15.797108
15.663987
15.968912
15.496698
15.146226
15.958760
15.467791
15.467818
15.330593
15.272290
15.688512
15.670396
15.299771
14.211118
13.673437
