16.054261
15.485515
15.992354
16.028539
16.030450
15.523373
16.116887
16.049961
15.969948
15.596443
15.871309
15.870527
15.807507
15.784519
15.689848
15.399447
15.428778
15.744843
15.480679
15.459141
16.012506
15.456472
15.531497
15.285232
15.371831
15.491868
15.169142
15.259261
15.153400
15.105865
15.350486
15.275916
15.623125
15.260665
16.153758
16.096132
16.032049
16.058368
16.094380
16.130925
16.083418
16.130523
15.975082
15.834984
16.110435
16.105273
15.928046
15.526937
15.483456
15.862070
15.717259
15.284973
15.407754
15.382978
15.770591
15.470790
15.618785
15.268906
15.205635
15.352813
15.160113
15.241371
15.499355
15.182476
16.026580
15.838117
15.877207
15.849499
16.048247
15.838722
16.100063
15.841083
15.863545
15.860091
16.122020
16.040889
16.132251
15.922898
16.088024
15.841037
15.960287
15.863632
16.108684
16.058699
15.939411
15.699178
15.947667
16.004170
15.795198
15.837854
15.493617
15.865170
15.790197
16.076688
15.832776
15.484798
16.072610
15.900992
16.068454
15.737035
16.011977
15.720366
15.897147
15.490334
15.922806
15.891289
16.110973
16.086075
15.679214
15.969100
15.995646
15.605550
16.110938
15.968502
15.600571
15.739423
15.462735
15.677807
16.099559
15.761783
15.431019
16.085484
15.389395
15.866245
15.769499
15.070028
14.620602
13.889823
15.920805
16.319824
16.037266
16.159305
15.966732
16.114602
16.151731
15.816776
15.761068
16.110840
16.057184
16.098143
16.125960
15.751539
16.063608
15.820886
16.100119
16.121335
16.030806
15.816990
15.953704
16.119263
15.739547
16.072876
15.454685
15.453198
15.915277
15.940652
15.615081
15.336157
15.351646
14.986205
15.446650
15.499711
15.490937
15.183130
15.418463
15.537031
15.555928
15.310380
15.453667
15.044961
15.552712
15.465614
15.426584
15.416456
15.548246
15.514902
15.433523
15.294831
15.431139
15.284765
15.412761
15.160920
15.449027
15.537924
15.133257
14.829285
15.031855
14.975782
14.805676
15.478069
15.261684
14.642722
15.623135
15.260962
15.985215
16.007332
16.027513
16.029019
15.938838
15.594886
16.012409
15.871878
15.976831
15.189604
15.422535
15.835073
15.564268
15.739520
15.990212
15.086524
15.877346
15.440105
15.399953
15.516387
15.309692
15.320855
15.760707
15.251017
15.116793
15.298815
15.217721
15.215553
15.325047
14.488040
12.900907
13.259195
12.837067
13.164936
13.162143
13.132669
13.153928
12.987360
13.123119
13.108565
13.083866
13.082787
12.988333
13.000031
13.146300
13.099276
13.144925
13.113325
12.874458
12.881392
12.879730
13.059631
12.845870
12.807581
13.110363
12.776216
13.013069
12.841266
12.674442
12.658770
12.936303
12.780567
13.387411
13.135792
13.013777
13.139142
13.137007
13.149522
13.156584
13.165446
13.109297
12.972057
13.171604
13.056090
13.047718
13.096298
13.086981
12.834962
13.161052
13.066906
12.978622
12.912187
13.068711
13.104602
12.922809
12.805746
12.700156
12.807765
12.814690
12.643518
12.689100
12.703643
13.105984
12.956326
13.498007
13.458510
13.090741
13.188211
13.061429
13.144781
13.194284
13.183907
13.104850
13.145097
13.148658
13.095682
13.131886
13.135060
13.079000
13.177128
13.073631
13.060705
13.089499
13.151123
13.082328
13.114782
13.179927
13.045769
13.091367
13.052778
13.110602
13.093790
13.050336
13.075409
13.035479
13.026585
16.161104
16.333995
16.113664
16.019315
16.091813
16.109464
16.126429
16.116233
15.846389
15.719116
16.047005
15.330749
15.636209
15.708854
15.843463
15.345106
15.407182
15.453879
15.437051
15.383784
15.368874
15.883408
15.401768
15.362238
15.970883
15.323438
15.171873
15.153365
15.006931
15.259776
15.205837
15.969450
15.879564
16.044589
15.574794
15.790531
15.578984
16.073703
15.922448
16.110289
15.988805
15.983123
15.914621
16.122396
16.063002
16.144947
16.047309
16.093215
15.956623
15.853398
16.084723
16.137475
15.568008
15.651461
16.114005
16.133799
16.053911
15.723303
15.870703
15.539369
15.551022
15.618424
15.726514
15.740938
16.043016
15.256113
15.986186
15.977376
15.956856
15.979681
15.866360
15.894871
15.955181
15.651972
15.966682
15.755212
15.181586
15.964277
15.511629
15.418075
15.641491
15.320496
15.232994
15.307006
15.149095
15.155724
15.156717
15.407323
15.497967
15.299943
15.169839
15.199657
15.903423
15.375106
15.117987
15.688339
15.988478
15.997916
16.149277
15.983965
16.000263
16.003525
15.771878
16.145051
16.003587
15.777479
15.954990
15.958421
16.041050
15.933768
16.002982
16.055329
15.932255
15.960918
16.076799
15.937620
16.133492
15.957838
16.103383
16.094945
16.062944
15.992372
15.750066
16.043338
15.886896
15.824689
15.900020
15.872211
15.382465
15.903685
16.101793
16.111935
15.939684
16.024533
16.030120
16.110842
16.107657
15.454725
15.562455
15.637947
15.925756
15.600153
15.320668
15.301251
16.083380
15.287961
15.431724
15.695077
15.250670
16.064246
15.096350
15.690566
15.409777
15.521192
15.496920
15.201379
15.195589
15.141900
15.206512
14.352779
16.119223
15.612441
16.137086
15.920577
15.958776
15.644142
16.057101
16.088677
15.694600
15.715251
16.130538
16.093530
16.114825
16.032527
16.124047
16.003166
15.838120
15.451972
15.713264
15.831984
15.545024
15.659360
16.021225
15.982153
15.476314
15.537643
15.424542
15.806040
15.662165
15.814285
15.859302
14.897083
13.353164
13.440518
12.843833
12.987313
13.112378
12.973278
13.081575
13.169248
13.097704
13.134447
13.015695
13.156071
13.135680
13.191128
13.178526
13.129760
13.179431
13.073576
12.960160
13.041472
12.868082
13.152558
13.178743
12.860337
13.157096
12.842924
12.954398
12.813286
12.769706
12.744087
13.135954
13.140563
15.579534
15.994746
15.787479
15.827555
15.971145
15.079760
15.826891
15.964465
15.935431
15.901109
15.373470
15.952090
15.683010
15.234628
15.216572
15.726822
15.297904
15.310063
15.587092
15.870207
15.201965
15.343768
15.045272
14.907645
14.923129
15.292164
14.990420
15.748376
14.970956
14.930593
14.954252
14.406620
15.162667
15.858479
15.929233
15.982541
15.932105
15.859532
15.980350
15.792495
15.844755
15.153861
15.950477
15.559261
15.746799
15.964362
15.448228
15.717511
15.325550
15.938005
15.465381
15.543975
15.280946
15.288322
15.350213
15.373145
15.343630
15.332426
15.877351
15.009973
15.058420
15.244059
14.952004
14.200815
16.475494
16.191865
16.091716
16.060941
16.031884
16.130095
16.092346
16.136777
16.130709
16.117119
15.857914
15.752210
15.751539
15.685583
15.935141
15.935944
16.085984
15.822757
15.564584
15.697944
15.716267
16.016098
15.656259
15.987359
15.633263
15.643081
15.963690
15.627098
15.819993
15.843085
15.322530
14.922526
15.317113
16.000180
15.411467
16.046432
16.081628
15.709376
15.865273
16.060315
15.540244
15.987423
15.504639
15.700368
15.532993
15.248976
15.295089
15.858044
15.457600
15.898791
15.223186
15.401352
15.329036
15.438178
15.130476
15.176536
15.162649
15.879986
15.891156
15.880808
15.701940
15.191106
15.267024
15.039006
16.259189
15.969878
16.051658
15.747784
16.093547
15.847129
15.542224
15.600973
15.420596
15.416938
15.854812
15.534902
16.085330
16.058364
15.595198
16.030883
15.721736
15.982806
15.909841
15.374332
15.527929
16.013514
15.698351
15.508225
15.339212
15.302939
15.859014
15.639327
15.554915
15.396034
15.308524
15.138863
13.499784
13.094540
13.071752
13.192440
13.083383
13.096250
13.092584
13.177109
13.076583
13.162069
13.105057
13.179986
13.087553
13.103527
13.112291
13.063366
13.118381
13.154653
13.067265
13.090352
13.048014
13.117782
13.070359
13.018422
13.115030
12.853544
12.674903
12.738593
12.588203
12.585225
12.444921
12.148148
13.407508
13.145122
13.103647
13.188898
12.990700
13.154073
13.175026
13.169822
13.001661
13.185296
13.009153
13.136373
12.971657
12.972138
12.982339
12.962882
13.000886
13.092215
12.837298
13.178665
12.972271
12.951847
12.933929
13.081473
13.059576
12.938025
13.116348
12.913152
13.109321
13.085295
12.937995
12.355232
13.426484
13.427715
12.809051
13.005408
13.094793
13.176481
13.149489
13.022450
13.097212
12.921098
13.131851
12.925464
12.946420
12.906296
13.040180
13.146248
12.817795
12.911327
12.742682
12.807285
13.148955
13.010028
12.734152
12.632104
13.064629
12.970688
12.772308
12.524455
12.942398
12.640304
12.561255
12.411391
13.379599
13.417288
13.424361
13.392794
12.948075
12.870999
12.962481
13.039513
13.071123
13.114254
12.910879
12.976744
13.096138
13.039126
13.110615
12.965271
12.974762
13.022443
12.993716
13.096427
12.895643
12.970047
13.081057
12.934777
12.771022
12.684550
12.874455
12.969235
12.861447
12.866195
13.012466
12.217377
16.146913
16.036468
16.148391
15.802107
15.981961
16.004128
16.007877
15.434952
15.711819
15.859526
15.538714
15.933660
16.043416
16.017473
16.141751
15.972499
16.041716
15.778383
15.830276
15.412161
15.938567
16.128501
15.590139
15.712954
15.840891
15.584532
15.417207
15.545076
15.680811
15.401279
16.061420
14.951194
15.390492
15.177606
15.207037
15.453041
15.074777
15.505468
15.319341
15.408077
15.489217
15.452362
15.481892
15.390825
15.393562
15.156852
15.313661
15.325706
15.118783
15.512190
15.185959
15.377659
14.928800
15.505074
15.052426
14.878748
15.489655
14.876866
15.125807
14.995659
15.310001
15.189816
15.263570
14.002224
15.003906
15.450618
15.064749
14.997109
15.408589
15.376734
14.794366
15.466393
15.376712
14.996518
15.288670
15.476665
15.477645
15.215679
14.995636
15.098727
14.898499
15.047171
14.886774
15.100428
14.698166
15.025733
14.960660
15.082096
15.371782
15.445589
14.853102
14.730188
14.803558
14.868327
14.678697
14.121793
15.211787
15.170216
15.135137
16.126771
16.103944
16.052064
16.114165
16.033620
16.096347
16.077223
15.725004
15.967734
15.781852
16.046429
15.298215
15.603420
15.391111
15.763592
15.419940
15.324707
15.284685
15.535712
15.319329
15.357742
15.273437
15.870219
15.130566
15.135215
14.942236
15.173305
15.126023
14.863344
15.403787
15.372304
16.136037
16.142552
16.033190
16.113540
16.077861
16.072859
16.047086
15.979228
15.579301
16.075827
15.694386
16.128999
16.122145
15.494607
15.566655
15.485072
16.100647
15.822902
15.828924
15.500837
15.412565
15.668127
15.419796
15.444391
15.524684
15.391769
15.266097
15.264094
15.497411
15.183019
15.445675
16.048972
16.015378
15.486282
15.856370
15.754224
15.985112
16.086608
16.107010
15.582686
15.579731
15.553425
15.354398
15.436568
16.096553
15.338996
15.461524
15.325199
15.852217
15.676498
15.729007
16.089907
15.368232
15.321358
16.070041
15.321076
15.330479
15.440374
15.400059
15.656662
15.874138
15.394094
13.056492
13.162146
13.069946
13.077596
12.953230
13.052419
13.060374
13.137664
12.904284
12.957362
13.080230
13.181618
13.133685
13.158443
13.169874
13.177942
13.167826
13.131994
13.026817
13.147386
13.040882
12.839712
13.041071
12.881034
12.913330
13.162750
12.830233
12.894810
12.924527
13.128162
12.992294
12.776750
13.154972
12.901148
13.063007
13.184515
13.104271
13.154945
13.122880
13.162943
13.125546
12.881370
12.874489
12.872412
13.181356
12.910050
12.900601
13.054908
12.876542
13.087344
13.175224
12.899349
13.154851
13.116786
12.926304
12.877255
13.164630
12.975827
12.952827
12.866924
13.123946
12.910076
12.932533
12.760574
16.016273
15.744630
15.853023
16.088543
15.915149
15.924095
15.329319
16.068783
15.551868
15.407379
15.784459
15.280581
15.394000
15.317455
15.136487
15.135378
15.256167
15.520459
15.342860
15.007292
15.850850
15.884249
15.170536
15.139073
15.480226
15.423115
15.408843
15.447822
15.223686
14.457216
14.671791
14.205030
15.287222
15.666910
16.008865
15.835347
16.069337
15.393877
15.550981
15.554451
16.057701
15.671127
15.651951
16.070806
15.939221
16.063130
15.345426
16.070243
15.294797
15.243311
15.327794
15.513251
15.255726
15.895137
15.579665
15.808369
15.668967
15.508109
15.191069
15.362013
15.244594
15.057733
15.068378
14.641622
16.048457
15.936976
15.816621
15.682894
16.101976
15.682246
15.802972
15.961752
16.060848
15.791378
15.921742
15.854645
15.874310
16.087541
15.699089
15.714012
15.849232
15.689081
16.042956
15.942664
15.930269
15.672972
15.729963
15.674786
15.792969
15.675557
15.782391
15.832556
15.538367
15.739872
15.438385
15.363107
15.542818
15.308515
16.071691
15.986559
16.083996
15.985853
16.083664
15.675076
15.477522
15.472307
15.550931
15.350429
15.709002
15.787511
15.244960
15.529820
15.193358
15.506657
15.183029
15.231982
15.427122
15.063687
15.265113
15.859439
15.431697
15.474116
15.405831
15.244899
14.331855
14.716616
14.357507
14.265091
