13.026870
13.082206
13.045830
13.087014
13.099878
13.112446
13.053647
13.061394
13.154794
13.107218
13.079851
13.061180
13.013940
12.921041
13.095929
12.876363
12.783915
12.906754
12.864177
12.715141
12.916464
12.565577
12.769513
12.864933
12.620451
12.555652
12.710324
12.610955
12.696642
13.014292
12.771154
12.614493
12.995031
13.056036
13.181406
13.118036
13.142200
13.139053
13.105646
13.078786
13.002026
13.122054
13.071747
12.968167
13.152313
13.145302
13.165159
12.960621
13.172203
12.958170
13.102604
12.948572
12.966670
12.972294
12.969568
12.935947
12.960804
13.065567
12.946131
13.146972
12.917753
12.921826
12.995120
13.038203
13.119960
13.025282
13.110530
12.949775
13.050490
12.955547
13.135738
13.020182
13.136477
13.058604
12.941705
13.014020
13.096463
12.963625
12.930611
12.949282
13.086634
13.126195
13.056556
13.007789
13.122819
12.913397
12.909641
12.910085
13.082147
12.991374
13.097472
12.996450
13.009790
13.087463
12.904777
12.542064
13.365133
13.125838
13.120156
13.145663
13.129585
12.822825
13.167356
13.097066
13.152881
13.078578
12.938952
13.092459
12.994087
13.006930
12.888862
12.858566
13.015719
13.151393
13.076758
12.991808
12.921665
12.815336
13.000962
13.010068
12.869828
12.904999
12.980953
12.803212
13.119641
12.787578
12.562017
12.396802
13.085534
13.115419
13.091334
13.105276
12.683970
13.094165
12.874205
13.113136
12.991211
13.072141
12.958208
13.102488
12.993460
12.783171
13.043819
12.952704
12.875718
12.773154
12.781524
12.608727
12.848365
12.933628
12.626174
12.668827
12.588730
13.022271
12.652219
12.598042
12.828685
13.021776
12.583579
11.407096
13.499723
13.139161
13.070940
13.074426
13.058219
13.143528
13.178186
13.125958
13.174182
13.114899
13.057966
13.048767
13.087847
13.191547
13.099181
13.108576
13.156821
13.062758
13.129506
13.052737
13.056344
13.079762
13.062528
13.131960
12.881678
13.161162
13.011586
13.039969
12.919232
12.633407
12.730190
12.112945
16.482797
16.207517
16.167055
15.715491
16.083247
16.125414
16.151074
16.094120
16.172677
16.183358
16.110551
16.182122
16.060280
15.646733
15.994968
15.984677
15.568726
15.995459
16.115167
15.881871
15.537303
15.824698
15.869266
16.123228
15.507820
15.482770
15.938303
15.713757
15.668438
15.568166
15.729629
15.702020
16.093637
16.183941
15.923809
16.176206
16.183790
15.962570
16.106528
16.097598
16.098535
16.114992
16.126327
16.147721
15.899327
15.678687
16.155926
15.804130
15.832821
15.675945
15.500105
15.668858
15.466176
15.938793
15.850751
15.766630
15.739368
15.909258
15.515304
16.091810
15.530253
15.525696
15.452729
15.452486
16.206635
15.588667
15.905271
16.129047
15.891815
15.865178
16.062172
16.051392
15.355595
15.697480
15.524496
16.132822
16.083970
16.001016
15.939165
15.983314
15.680462
16.105535
15.915124
16.115525
16.117170
15.753605
15.915541
15.509151
15.643496
15.335513
16.049103
15.902375
15.718017
15.686969
15.623064
15.113396
15.010932
14.707115
14.736513
15.542833
15.497144
15.492688
15.546381
15.530721
15.539562
15.464338
15.371753
15.521655
14.863624
15.169122
15.283237
15.285124
15.364608
15.238940
14.878333
14.790059
14.897792
15.024150
14.520451
15.016334
14.890776
14.804049
14.821940
14.637935
14.656374
14.461129
14.739481
13.659303
16.080736
16.067861
15.950400
16.154644
16.082018
16.055054
15.841932
15.854739
15.924378
16.160543
15.839408
15.835388
16.141591
16.137672
15.985125
15.804769
15.807845
16.100323
16.105286
15.844817
15.925175
16.136014
15.882872
16.035733
16.077617
15.889750
15.890029
15.909950
16.023584
15.789891
15.949756
15.796623
15.485753
16.299143
16.006075
16.037394
15.855011
15.952928
16.047348
16.030295
16.041492
15.524174
15.352842
15.680566
15.931359
15.295643
15.059861
15.323140
15.300295
15.196785
14.910935
15.045017
14.781996
14.941672
15.424107
15.176864
15.855577
15.641134
14.762411
15.302045
14.567003
15.608367
15.511026
15.186232
16.305306
15.725283
15.875134
15.971847
16.091934
16.054506
15.710622
15.708149
16.038001
15.901224
15.732647
15.892216
15.857989
15.986271
15.727069
16.119027
15.667322
15.904945
16.113471
16.068587
16.110042
15.948342
15.552089
15.532092
15.853767
15.950068
15.588582
15.515543
16.059896
15.228397
15.605120
15.651435
15.873949
16.012899
15.923313
15.787908
15.713468
15.588262
15.983758
15.949437
16.010534
15.955171
15.884130
15.619309
15.699904
15.866099
15.550214
15.937553
15.505971
15.702924
15.570483
15.581265
15.926545
15.881461
15.736852
15.478405
15.736071
15.786955
15.700522
15.246238
15.059068
14.685410
14.353493
14.570943
16.218941
16.378212
15.884667
15.885327
15.997687
16.081193
16.012500
16.100771
15.958410
16.117369
16.091722
15.761424
15.839809
15.885401
15.948578
15.838731
15.813208
15.810481
16.037223
16.095505
15.799482
15.665550
15.657256
15.460162
15.829611
15.779800
15.831536
15.603956
15.112784
14.823956
14.664939
14.708379
16.040847
16.009060
16.010005
15.981650
15.731462
15.989922
15.887121
15.990394
15.981093
15.944391
15.950516
15.718405
15.296970
15.276647
15.835929
15.004436
15.671498
15.204649
15.502507
14.965218
15.253025
15.050394
15.327692
15.289938
15.315647
15.041683
14.956471
15.158138
15.649637
15.436273
15.132351
15.253462
15.436094
16.209699
16.083667
15.865591
15.701951
15.953591
15.997719
15.192462
15.138965
15.580072
15.850128
15.689353
15.127724
15.580235
15.330354
14.928947
15.351616
15.312587
14.996888
14.914349
15.191553
15.337526
15.189159
15.107705
14.958039
15.848197
15.789761
15.444886
15.383906
15.339941
15.344890
14.882133
16.402116
16.425837
15.941556
16.115137
16.158932
15.890724
15.934978
16.067466
15.940240
16.091953
15.877932
16.009822
15.682670
16.062794
15.950104
16.135917
15.901944
15.952329
15.952038
15.958814
16.131210
15.941459
15.975558
15.921093
15.634388
15.921803
15.990174
15.653064
16.014927
16.100167
15.720398
14.424696
12.821606
12.786547
13.123108
13.137855
13.052769
13.151857
13.113992
12.995871
13.131002
13.164742
13.095646
13.167943
12.993176
13.088768
13.038369
13.117279
13.164348
13.144958
13.023655
12.912358
12.814125
12.972696
13.128225
12.804515
12.786916
12.698631
12.709630
12.909566
12.658543
12.891696
12.620699
13.120486
13.126514
12.988002
12.847758
12.719716
13.168793
13.164420
13.034078
12.744465
13.169453
13.170836
12.739691
13.004249
13.113722
13.009278
13.147075
12.913567
13.124625
13.124452
13.117672
12.902944
12.958356
13.015480
12.894207
12.822396
12.933829
12.714855
12.805486
12.818152
12.739502
12.742767
13.080815
13.095690
13.487407
12.936363
13.170341
13.156944
13.077297
13.081818
13.135260
13.163519
13.139608
13.010951
13.097389
12.931417
12.978789
13.111390
13.098168
13.090444
12.965797
13.012463
13.163971
12.984917
12.795577
12.924373
12.801163
12.990116
12.851201
13.076295
12.838269
12.759993
12.822197
13.027313
12.967344
12.715796
12.996415
13.119842
13.058596
13.115544
13.116428
13.063279
12.988060
12.956301
12.948816
12.984677
13.132459
13.126164
12.974581
12.992271
13.155702
12.741857
13.135972
12.957091
12.926987
13.148413
12.849636
12.923206
12.831686
13.001782
12.767811
12.769344
13.127089
12.824305
12.952713
12.784403
12.780201
12.193420
15.331719
16.141766
16.105245
15.812638
16.129390
15.996492
16.136581
16.065905
16.135977
16.114718
15.860497
15.957184
15.631006
15.521788
15.964827
15.865983
15.519280
15.338786
15.517178
15.620040
15.633620
15.339647
15.316018
15.396652
15.296167
16.010673
15.383364
15.226171
15.177938
15.174867
15.729321
15.179927
15.912822
16.132217
15.975633
16.111864
15.984691
16.087621
15.823145
16.001646
16.121417
16.118294
15.403538
15.631137
16.023951
15.623676
15.541816
15.918697
15.313823
15.437867
15.530318
15.234920
15.376838
15.684372
15.391087
15.714754
15.365026
15.227917
15.487028
15.375978
15.986083
15.578846
16.047179
15.500168
16.465941
15.581990
15.577791
16.158013
16.103363
16.108881
16.149704
16.147890
16.098157
15.947033
15.924202
15.979180
15.964711
16.133522
16.064574
15.985112
15.987732
15.601968
15.654187
15.624443
16.040387
15.881143
15.521104
15.822425
15.603915
15.370843
15.517560
15.677717
16.030036
15.854414
15.351998
14.731234
16.334993
16.016900
16.093266
16.121602
16.124163
16.044814
16.120325
16.076523
16.041803
15.455211
15.406802
15.626559
15.474878
15.754905
15.965337
15.914124
15.487729
15.147927
15.450006
15.866350
15.550726
15.772272
15.423415
15.447959
15.601711
15.391422
15.254239
15.127124
15.226422
15.258477
15.264987
15.074729
16.114339
16.155846
16.154253
16.143215
16.133882
15.807322
15.918627
15.787995
16.101257
16.140769
15.902411
15.689479
16.072246
15.925454
16.074288
15.895681
15.954543
15.806633
15.554339
15.537706
15.745852
15.680070
15.667506
15.610936
15.679302
15.371617
15.784513
15.922016
15.335232
15.599317
15.519398
15.344963
16.134858
16.101482
16.133521
16.136450
15.896063
15.751512
15.720085
15.583592
15.874585
15.877432
15.932725
15.697976
15.821904
15.706396
15.942269
15.836392
16.071985
15.723003
15.597839
16.064078
15.990618
16.100584
16.000824
15.999457
15.554214
15.732800
15.711849
15.811599
15.900436
15.691454
15.365910
15.365961
15.804074
15.723088
15.505497
15.478730
15.408808
15.461765
15.381671
14.965690
15.002942
15.393101
15.405550
14.832271
15.323869
14.685511
15.011379
15.014783
14.829886
15.270999
14.696657
14.937293
14.934405
14.694186
14.714276
14.710186
14.980568
14.775440
14.491100
14.554240
14.524074
14.896646
14.155022
14.805953
13.387455
12.895486
13.153156
13.092043
13.046195
13.156824
13.156150
12.869226
13.175975
13.103010
13.133529
13.128135
12.978110
13.156703
13.116836
12.855397
12.972444
13.026867
12.989901
12.872366
12.874279
13.000490
12.982862
12.802429
12.801302
12.721657
12.762502
12.937756
13.148392
13.136573
13.129357
12.642376
13.493279
12.938142
12.882709
12.841217
13.192251
13.148046
13.132266
13.190988
13.156332
13.183779
13.148160
13.127251
13.167416
13.110188
13.046851
13.119203
13.099736
13.121918
13.099099
13.031251
12.959748
13.028334
13.032197
13.140000
12.898959
12.958459
12.817037
12.790288
12.887556
12.870280
12.699274
12.762652
16.036249
16.086368
15.540962
16.044475
15.817303
16.118141
16.099596
15.942391
16.114852
16.121195
15.528897
16.104413
15.531994
15.753681
15.941531
15.552539
15.911015
15.700974
15.805561
15.640274
15.785657
15.660224
15.758356
15.671072
15.534780
15.338017
15.531144
15.737715
15.605660
15.331437
15.300617
15.460719
16.344399
16.077486
16.102036
15.693334
16.038187
15.642116
16.153687
16.050574
16.161736
15.991341
15.972148
16.050677
15.954463
15.958672
16.147614
15.969208
15.971319
16.043562
16.142204
15.680088
15.638792
15.503810
16.105636
15.807507
15.674537
15.818686
16.098100
15.953610
15.924061
15.993827
15.903058
14.453606
15.540318
15.469053
15.167465
15.367204
15.484483
15.209348
15.487852
15.484885
15.371446
15.304778
15.451339
14.808551
15.363608
14.651431
15.047905
14.568137
14.513076
15.206395
14.856948
14.674326
14.949274
14.780657
14.647206
14.633365
14.555910
14.605767
15.279830
14.486069
14.777663
14.709094
14.756302
14.698911
15.391664
15.656462
15.528568
15.967313
15.858831
15.708410
15.492703
15.933973
15.931226
15.927038
15.888730
15.236952
15.544277
15.784878
15.441780
15.357297
15.224297
15.351030
15.908747
15.003617
15.455211
14.947425
15.088269
15.084294
15.356538
15.620792
15.351689
15.472995
15.661431
15.271195
14.328036
15.143750
15.592447
15.448735
15.312301
15.348242
15.374412
15.241460
15.509806
15.521646
15.339065
15.476636
15.434593
15.476934
15.227686
15.321986
15.196092
15.190218
15.443811
15.449681
15.230445
15.200891
15.253391
15.203214
15.489039
15.214150
15.398980
15.490514
15.187381
15.319094
15.167351
14.600549
14.852165
14.847373
15.900335
15.656600
16.043372
16.079899
15.810606
15.819224
16.088665
15.634247
15.615784
16.058545
15.599659
15.381689
16.026710
15.958812
15.813076
16.071614
16.120446
16.029306
16.093966
15.451131
15.846020
15.636050
15.561641
16.098499
15.344753
16.062949
15.847794
15.606531
15.532602
15.550422
14.787914
13.440355
15.610012
15.766189
16.147390
15.927937
16.030746
16.102759
16.067567
15.972335
16.103615
16.035498
16.025422
15.386841
16.084736
15.849000
15.775014
15.942560
15.211598
15.707837
15.329337
15.496435
15.353311
15.250036
15.809637
15.364152
15.195961
15.109562
14.985181
15.241283
15.100241
14.944827
15.017437
15.946866
